step,ev_id,state,is_agent,longitude,latitude,remain_kwh,remain_change_kwh,energy_used_kwh,moved_distance_km,action_target_longitude,action_target_latitude,reward,total_reward,need_power_kwh,need_charge,is_normal,is_quasi,is_iev,is_charged,fail_charge,arrived,track_index,wait_time_steps,total_wait_time_min,total_extra_dist_km,expense,charge_provider_type,charge_provider_id,charge_power_kwh,charge_time_remain_min,near_quasi_count,near_iev_count,near_idle_mcs_count,near_task_mcs_count,near_available_fcs_count,near_busy_fcs_count,obs_self,obs_tgt,obs_mask
0,101,quasi,False,104.155914,30.615345,43.63935895366607,0.0,0.0,0.0,,,0.0,0.0,27.77315836616979,False,False,True,False,False,False,False,0,0,0.0,0.0,0.0,,-1,0.0,0.0,14,0,2,1,0,0,[],[],[]
1,101,quasi,False,103.984474,30.713875,37.723075704255145,-5.916283249410924,5.916283249410924,19.720944164703088,,,0.0,0.0,27.77315836616979,False,False,True,False,False,False,False,1,0,0.0,0.0,0.0,,-1,0.0,0.0,13,0,2,0,0,0,[],[],[]
2,101,quasi,False,103.9845865,30.7139565,37.71885656255409,-0.004219141701057083,0.004219141701057083,0.014063805670195955,,,0.0,0.0,27.77315836616979,False,False,True,False,False,False,False,2,0,0.0,0.0,0.0,,-1,0.0,0.0,12,0,1,0,0,0,[],[],[]
3,101,quasi,False,103.984524,30.713797,37.71324207311321,-0.005614489440880277,0.005614489440880277,0.018714964802941828,,,0.0,0.0,27.77315836616979,False,False,True,False,False,False,False,3,0,0.0,0.0,0.0,,-1,0.0,0.0,13,0,0,0,0,0,[],[],[]
4,101,quasi,False,103.984313,30.713777,37.707154081145454,-0.006087991967753226,0.006087991967753226,0.02029330655917194,,,0.0,0.0,27.77315836616979,False,False,True,False,False,False,False,4,0,0.0,0.0,0.0,,-1,0.0,0.0,13,0,0,0,0,0,[],[],[]
5,101,quasi,False,103.9843195,30.713891500000003,37.703329989072174,-0.003824092073280383,0.003824092073280383,0.012746973577608924,,,0.0,0.0,27.77315836616979,False,False,True,False,False,False,False,5,0,0.0,0.0,0.0,,-1,0.0,0.0,13,0,0,0,0,0,[],[],[]
6,101,quasi,False,103.984187,30.713886,37.69952556397274,-0.0038044250994317963,0.0038044250994317963,0.012681416998112038,,,0.0,0.0,27.77315836616979,False,False,True,False,False,False,False,6,0,0.0,0.0,0.0,,-1,0.0,0.0,13,0,0,0,0,0,[],[],[]
7,101,quasi,False,103.984016,30.714098,37.69091953282421,-0.008606031148531201,0.008606031148531201,0.02868677049510546,,,0.0,0.0,27.77315836616979,False,False,True,False,False,False,False,7,0,0.0,0.0,0.0,,-1,0.0,0.0,12,0,0,0,0,0,[],[],[]
8,101,quasi,False,103.983729,30.714086,37.68267888168699,-0.008240651137221278,0.008240651137221278,0.02746883712406799,,,0.0,0.0,27.77315836616979,False,False,True,False,False,False,False,8,0,0.0,0.0,0.0,,-1,0.0,0.0,13,0,0,0,0,0,[],[],[]
9,101,quasi,False,103.984019,30.713976,37.673588411321276,-0.009090470365713088,0.009090470365713088,0.03030156788571014,,,0.0,0.0,27.77315836616979,False,False,True,False,False,False,False,9,0,0.0,0.0,0.0,,-1,0.0,0.0,14,0,0,0,0,0,[],[],[]
10,101,quasi,False,103.984413,30.713665,37.658248544169254,-0.01533986715202218,0.01533986715202218,0.05113289050673373,,,0.0,0.0,27.77315836616979,False,False,True,False,False,False,False,10,0,0.0,0.0,0.0,,-1,0.0,0.0,11,0,0,0,0,0,[],[],[]
11,101,quasi,False,103.984406,30.713725,37.65623699263353,-0.0020115515357232994,0.0020115515357232994,0.006705171785749984,,,0.0,0.0,27.77315836616979,False,False,True,False,False,False,False,11,0,0.0,0.0,0.0,,-1,0.0,0.0,12,0,0,0,0,0,[],[],[]
12,101,quasi,False,103.9844605,30.7136475,37.65321594653266,-0.0030210461008692846,0.0030210461008692846,0.010070153669569634,,,0.0,0.0,27.77315836616979,False,False,True,False,False,False,False,12,0,0.0,0.0,0.0,,-1,0.0,0.0,14,0,0,0,0,0,[],[],[]
13,101,quasi,False,103.98445,30.713658,37.65275403119258,-0.0004619153400824416,0.0004619153400824416,0.0015397178002838489,,,0.0,0.0,27.77315836616979,False,False,True,False,False,False,False,13,0,0.0,0.0,0.0,,-1,0.0,0.0,13,0,0,0,0,0,[],[],[]
14,101,quasi,False,103.9845935,30.7136445,37.648613984954736,-0.0041400462378433645,0.0041400462378433645,0.013800154126138076,,,0.0,0.0,27.77315836616979,False,False,True,False,False,False,False,14,0,0.0,0.0,0.0,,-1,0.0,0.0,14,0,0,0,0,0,[],[],[]
15,101,quasi,False,103.984827,30.713372,37.63732344519037,-0.011290539764367225,0.011290539764367225,0.03763513254789347,,,0.0,0.0,27.77315836616979,False,False,True,False,False,False,False,15,0,0.0,0.0,0.0,,-1,0.0,0.0,15,0,0,0,0,0,[],[],[]
16,101,quasi,False,103.984857,30.71345,37.634582923622325,-0.002740521568043164,0.002740521568043164,0.009135071893465447,,,0.0,0.0,27.77315836616979,False,False,True,False,False,False,False,16,0,0.0,0.0,0.0,,-1,0.0,0.0,15,0,0,0,0,0,[],[],[]
17,101,quasi,False,103.984698,30.713612,37.627512015095384,-0.007070908526941366,0.007070908526941366,0.02356969508981218,,,0.0,0.0,27.77315836616979,False,False,True,False,False,False,False,17,0,0.0,0.0,0.0,,-1,0.0,0.0,16,0,0,0,0,0,[],[],[]
18,101,quasi,False,103.984594,30.713614,37.624528620164895,-0.002983394930488714,0.002983394930488714,0.009944649768287328,,,0.0,0.0,27.77315836616979,False,False,True,False,False,False,False,18,0,0.0,0.0,0.0,,-1,0.0,0.0,12,0,0,0,0,0,[],[],[]
19,101,quasi,False,103.9845175,30.713644,37.622117188689536,-0.0024114314753589383,0.0024114314753589383,0.008038104917872328,,,0.0,0.0,27.77315836616979,False,False,True,False,False,False,False,19,0,0.0,0.0,0.0,,-1,0.0,0.0,13,0,0,0,0,0,[],[],[]
20,101,quasi,False,103.984433,30.7137325,37.61829769876969,-0.0038194899198487064,0.0038194899198487064,0.012731633066163851,,,0.0,0.0,27.77315836616979,False,False,True,False,False,False,False,20,0,0.0,0.0,0.0,,-1,0.0,0.0,14,0,0,0,0,0,[],[],[]
21,101,quasi,False,103.984403,30.713773,37.616695980535205,-0.0016017182344825187,0.0016017182344825187,0.005339060781597869,,,0.0,0.0,27.77315836616979,False,False,True,False,False,False,False,21,0,0.0,0.0,0.0,,-1,0.0,0.0,16,0,0,0,0,0,[],[],[]
22,101,quasi,False,103.984314,30.714128,37.60458176919363,-0.012114211341575754,0.012114211341575754,0.04038070447191582,,,0.0,0.0,27.77315836616979,False,False,True,False,False,False,False,22,0,0.0,0.0,0.0,,-1,0.0,0.0,14,0,0,0,0,0,[],[],[]
23,101,quasi,False,103.98437,30.713804,37.59365494944667,-0.010926819746956085,0.010926819746956085,0.036422732489848654,,,0.0,0.0,27.77315836616979,False,False,True,False,False,False,False,23,0,0.0,0.0,0.0,,-1,0.0,0.0,16,0,0,0,0,0,[],[],[]
24,101,quasi,False,103.984236,30.713054,37.56834265592243,-0.025312293524244467,0.025312293524244467,0.08437431174748486,,,0.0,0.0,27.77315836616979,False,False,True,False,False,False,False,24,0,0.0,0.0,0.0,,-1,0.0,0.0,13,0,0,0,0,0,[],[],[]
25,101,quasi,False,103.996478,30.71007,37.203404970304064,-0.36493768561836504,0.36493768561836504,1.2164589520612175,,,0.0,0.0,27.77315836616979,False,False,True,False,False,False,False,25,0,0.0,0.0,0.0,,-1,0.0,0.0,16,0,0,0,1,0,[],[],[]
26,101,quasi,False,104.01177,30.694787,36.530874617265745,-0.6725303530383187,0.6725303530383187,2.2417678434610733,,,0.0,0.0,27.77315836616979,False,False,True,False,False,False,False,26,0,0.0,0.0,0.0,,-1,0.0,0.0,31,0,1,1,1,0,[],[],[]
27,101,quasi,False,104.028638,30.683243,35.91245711150596,-0.6184175057597869,0.6184175057597869,2.061391685865961,,,0.0,0.0,27.77315836616979,False,False,True,False,False,False,False,27,0,0.0,0.0,0.0,,-1,0.0,0.0,52,0,0,4,1,0,[],[],[]
28,101,quasi,False,104.040382,30.683321,35.575531302695644,-0.33692580881031375,0.33692580881031375,1.123086029367713,,,0.0,0.0,27.77315836616979,False,False,True,False,False,False,False,28,0,0.0,0.0,0.0,,-1,0.0,0.0,62,0,0,5,0,0,[],[],[]
29,101,quasi,False,104.031338,30.681658,35.310207593343534,-0.2653237093521099,0.2653237093521099,0.8844123645070304,,,0.0,0.0,27.77315836616979,False,False,True,False,False,False,False,29,0,0.0,0.0,0.0,,-1,0.0,0.0,64,0,0,4,1,0,[],[],[]
30,101,quasi,False,104.024343,30.686196,35.05883932441177,-0.25136826893176334,0.25136826893176334,0.8378942297725376,,,0.0,0.0,27.77315836616979,False,False,True,False,False,False,False,30,0,0.0,0.0,0.0,,-1,0.0,0.0,55,0,0,3,1,0,[],[],[]
31,101,quasi,False,104.034128,30.693014,34.697565382423974,-0.36127394198779683,0.36127394198779683,1.2042464732926526,,,0.0,0.0,27.77315836616979,False,False,True,False,False,False,False,31,0,0.0,0.0,0.0,,-1,0.0,0.0,53,2,1,2,0,0,[],[],[]
32,101,quasi,False,104.053433,30.674853,33.87674660734708,-0.8208187750768943,0.8208187750768943,2.736062583589637,,,0.0,0.0,27.77315836616979,False,False,True,False,False,False,False,32,0,0.0,0.0,0.0,,-1,0.0,0.0,72,0,1,4,0,0,[],[],[]
33,101,quasi,False,104.048485,30.672487,33.714317812831,-0.1624287945160816,0.1624287945160816,0.5414293150536057,,,0.0,0.0,27.77315836616979,False,False,True,False,False,False,False,33,0,0.0,0.0,0.0,,-1,0.0,0.0,79,0,2,6,0,0,[],[],[]
34,101,quasi,False,104.027893,30.683768,33.01386265354294,-0.7004551592880617,0.7004551592880617,2.334850530960205,,,0.0,0.0,27.77315836616979,False,False,True,False,False,False,False,34,0,0.0,0.0,0.0,,-1,0.0,0.0,57,0,2,1,1,0,[],[],[]
35,101,quasi,False,104.032007,30.687206,32.84929667557628,-0.16456597796666017,0.16456597796666017,0.5485532598888745,,,0.0,0.0,27.77315836616979,False,False,True,False,False,False,False,35,0,0.0,0.0,0.0,,-1,0.0,0.0,46,0,1,3,0,1,[],[],[]
36,101,quasi,False,104.06240799630126,30.693836891285947,31.94959331599127,-0.8997033595850077,0.8997033595850077,2.9990111986166896,,,0.0,0.0,27.77315836616979,False,False,True,False,False,False,False,36,0,0.0,0.0,0.0,,-1,0.0,0.0,48,0,2,1,0,0,[],[],[]
37,101,quasi,False,104.065925,30.694604,31.84551297276609,-0.10408034322517778,0.10408034322517778,0.34693447741726335,,,0.0,0.0,27.77315836616979,False,False,True,False,False,False,False,37,0,0.0,0.0,0.0,,-1,0.0,0.0,49,0,2,1,0,0,[],[],[]
38,101,quasi,False,104.09353461217536,30.681811774533806,30.945838304035785,-0.8996746687303059,0.8996746687303059,2.9989155624343535,,,0.0,0.0,27.77315836616979,False,False,True,False,False,False,False,38,0,0.0,0.0,0.0,,-1,0.0,0.0,55,0,2,2,0,0,[],[],[]
39,101,quasi,False,104.108679,30.674795,30.45231071425598,-0.4935275897798057,0.4935275897798057,1.6450919659326837,,,0.0,0.0,27.77315836616979,False,False,True,False,False,False,False,39,0,0.0,0.0,0.0,,-1,0.0,0.0,40,1,0,0,0,0,[],[],[]
40,101,quasi,False,104.12405340224412,30.65128928065531,29.552612395168733,-0.8996983190872463,0.8996983190872463,2.998994396957493,,,0.0,0.0,27.77315836616979,False,False,True,False,False,False,False,40,0,0.0,0.0,0.0,,-1,0.0,0.0,34,0,0,2,1,0,[],[],[]
41,101,quasi,False,104.125036,30.649787,29.495109733486906,-0.05750266168182705,0.05750266168182705,0.19167553893942774,,,0.0,0.0,27.77315836616979,False,False,True,False,False,False,False,41,0,0.0,0.0,0.0,,-1,0.0,0.0,38,0,0,1,0,0,[],[],[]
42,101,quasi,False,104.143222,30.65468,28.948287310710352,-0.5468224227765539,0.5468224227765539,1.8227414092551808,,,0.0,0.0,27.77315836616979,False,False,True,False,False,False,False,42,0,0.0,0.0,0.0,,-1,0.0,0.0,23,1,0,0,1,0,[],[],[]
43,101,quasi,False,104.125905,30.649311,28.420041732344956,-0.5282455783653965,0.5282455783653965,1.7608185945513266,,,0.0,0.0,27.77315836616979,False,False,True,False,False,False,False,43,0,0.0,0.0,0.0,,-1,0.0,0.0,36,1,0,2,0,0,[],[],[]
44,101,quasi,False,104.139607,30.638883,27.895016713762868,-0.5250250185820882,0.5250250185820882,1.7500833952736294,,,0.0,0.0,27.77315836616979,False,False,True,False,False,False,False,44,0,0.0,0.0,0.0,,-1,0.0,0.0,26,0,1,0,0,0,[],[],[]
45,101,quasi,False,104.14339,30.626923,27.48153686493321,-0.41347984882965605,0.41347984882965605,1.378266162765519,,,0.0,0.0,27.77315836616979,False,False,True,False,False,False,False,45,0,0.0,0.0,0.0,,-1,0.0,0.0,18,0,0,0,0,0,[],[],[]
46,101,quasi,False,104.136535,30.629299,27.26940283314306,-0.2121340317901499,0.2121340317901499,0.7071134393005036,,,0.0,0.0,27.77315836616979,False,False,True,False,False,False,False,46,0,0.0,0.0,0.0,,-1,0.0,0.0,22,0,0,0,0,0,[],[],[]
47,101,quasi,False,104.135013,30.616052,26.82534844299838,-0.4440543901446823,0.4440543901446823,1.4801813004822706,,,0.0,0.0,27.77315836616979,False,False,True,False,False,False,False,47,0,0.0,0.0,0.0,,-1,0.0,0.0,20,0,0,1,0,0,[],[],[]
48,101,quasi,False,104.133553,30.61266,26.704682712531344,-0.1206657304670351,0.1206657304670351,0.4022191015567834,,,0.0,0.0,27.77315836616979,False,False,True,False,False,False,False,48,0,0.0,0.0,0.0,,-1,0.0,0.0,18,0,0,1,0,0,[],[],[]
49,101,quasi,False,104.120312,30.626894,26.096453032871093,-0.6082296796602513,0.6082296796602513,2.027432265534167,,,0.0,0.0,27.77315836616979,False,False,True,False,False,False,False,49,0,0.0,0.0,0.0,,-1,0.0,0.0,28,1,0,3,0,0,[],[],[]
50,101,quasi,False,104.124069,30.642904,25.551605757111567,-0.5448472757595262,0.5448472757595262,1.8161575858650847,,,0.0,0.0,27.77315836616979,False,False,True,False,False,False,False,50,0,0.0,0.0,0.0,,-1,0.0,0.0,32,1,0,2,0,0,[],[],[]
51,101,quasi,False,104.1240625,30.6428625,25.550208867380494,-0.001396889731072548,0.001396889731072548,0.004656299103576157,,,0.0,0.0,27.77315836616979,False,False,True,False,False,False,False,51,0,0.0,0.0,0.0,,-1,0.0,0.0,36,1,1,1,0,0,[],[],[]
52,101,quasi,False,104.1240925,30.6428095,25.548242357721715,-0.001966509658778648,0.001966509658778648,0.00655503219593201,,,0.0,0.0,27.77315836616979,False,False,True,False,False,False,False,52,0,0.0,0.0,0.0,,-1,0.0,0.0,37,1,0,1,0,0,[],[],[]
53,101,quasi,False,104.124045,30.642913,25.544530355899074,-0.003712001822641753,0.003712001822641753,0.01237333940880534,,,0.0,0.0,27.77315836616979,False,False,True,False,False,False,False,53,0,0.0,0.0,0.0,,-1,0.0,0.0,35,0,0,2,0,0,[],[],[]
54,101,quasi,False,104.119438,30.648174,25.32479941855138,-0.21973093734769478,0.21973093734769478,0.732436457825653,,,0.0,0.0,27.77315836616979,False,False,True,False,False,False,False,54,0,0.0,0.0,0.0,,-1,0.0,0.0,34,0,0,1,0,0,[],[],[]
55,101,quasi,False,104.114609,30.650035,25.172945101307455,-0.15185431724392373,0.15185431724392373,0.5061810574797487,,,0.0,0.0,27.77315836616979,False,False,True,False,False,False,False,55,0,0.0,0.0,0.0,,-1,0.0,0.0,38,0,0,1,0,0,[],[],[]
56,101,quasi,False,104.104925,30.655495,24.840671880888973,-0.3322732204184824,0.3322732204184824,1.1075774013949384,,,0.0,0.0,27.77315836616979,False,False,True,False,False,False,False,56,0,0.0,0.0,0.0,,-1,0.0,0.0,58,1,0,2,0,0,[],[],[]
57,101,quasi,False,104.086641,30.664001,24.244193802143542,-0.5964780787454309,0.5964780787454309,1.9882602624847725,,,0.0,0.0,27.77315836616979,False,False,True,False,False,False,False,57,0,0.0,0.0,0.0,,-1,0.0,0.0,67,1,1,2,0,0,[],[],[]
58,101,quasi,False,104.077716,30.664366,23.987810535005888,-0.2563832671376538,0.2563832671376538,0.8546108904588409,,,0.0,0.0,27.77315836616979,False,False,True,False,False,False,False,58,0,0.0,0.0,0.0,,-1,0.0,0.0,59,0,1,2,0,1,[],[],[]
59,101,quasi,False,104.071305,30.658606,23.721799634948198,-0.26601090005769024,0.26601090005769024,0.8867030001923001,,,0.0,0.0,27.77315836616979,False,False,True,False,False,False,False,59,0,0.0,0.0,0.0,,-1,0.0,0.0,57,0,2,1,0,1,[],[],[]
60,101,quasi,False,104.075971,30.649071,23.376691178186004,-0.34510845676219404,0.34510845676219404,1.1503615225406434,,,0.0,0.0,27.77315836616979,False,False,True,False,False,False,False,60,0,0.0,0.0,0.0,,-1,0.0,0.0,63,0,3,3,0,1,[],[],[]
61,101,quasi,False,104.090248,30.670611,22.549562431071283,-0.8271287471147204,0.8271287471147204,2.7570958237157295,,,0.0,0.0,27.77315836616979,False,False,True,False,False,False,False,61,0,0.0,0.0,0.0,,-1,0.0,0.0,61,0,2,3,0,0,[],[],[]
62,101,quasi,False,104.084686,30.681927,22.139734293147338,-0.40982813792394523,0.40982813792394523,1.366093793079823,,,0.0,0.0,27.77315836616979,False,False,True,False,False,False,False,62,0,0.0,0.0,0.0,,-1,0.0,0.0,45,1,1,2,0,0,[],[],[]
63,101,quasi,False,104.09012,30.682934,21.980262389535532,-0.15947190361180574,0.15947190361180574,0.5315730120393505,,,0.0,0.0,27.77315836616979,False,False,True,False,False,False,False,63,0,0.0,0.0,0.0,,-1,0.0,0.0,45,0,3,4,0,0,[],[],[]
64,101,quasi,False,104.103916,30.683088,21.58444372308262,-0.39581866645291086,0.39581866645291086,1.319395554843034,,,0.0,0.0,27.77315836616979,False,False,True,False,False,False,False,64,0,0.0,0.0,0.0,,-1,0.0,0.0,35,1,1,1,0,0,[],[],[]
65,101,quasi,False,104.120831,30.678989,21.080273034828725,-0.5041706882538968,0.5041706882538968,1.680568960846319,,,0.0,0.0,27.77315836616979,False,False,True,False,False,False,False,65,0,0.0,0.0,0.0,,-1,0.0,0.0,24,1,0,0,1,0,[],[],[]
66,101,quasi,False,104.126384,30.680717,20.910853236851203,-0.16941979797752182,0.16941979797752182,0.5647326599250692,,,0.0,0.0,27.77315836616979,False,False,True,False,False,False,False,66,0,0.0,0.0,0.0,,-1,0.0,0.0,17,0,1,0,1,0,[],[],[]
67,101,quasi,False,104.134941,30.679463,20.661820584506533,-0.24903265234467042,0.24903265234467042,0.830108841148906,,,0.0,0.0,27.77315836616979,False,False,True,False,False,False,False,67,0,0.0,0.0,0.0,,-1,0.0,0.0,13,0,0,0,1,0,[],[],[]
68,101,quasi,False,104.13702,30.668321,20.285384498651037,-0.37643608585549515,0.37643608585549515,1.2547869528516484,,,0.0,0.0,27.77315836616979,False,False,True,False,False,False,False,68,0,0.0,0.0,0.0,,-1,0.0,0.0,15,0,0,0,1,0,[],[],[]
69,101,quasi,False,104.126156,30.658019,19.82140152510941,-0.4639829735416292,0.4639829735416292,1.546609911805427,,,0.0,0.0,27.77315836616979,False,False,True,False,False,False,False,69,0,0.0,0.0,0.0,,-1,0.0,0.0,18,0,1,0,1,0,[],[],[]
70,101,quasi,False,104.123942,30.650906,19.575763702608032,-0.24563782250137578,0.24563782250137578,0.8187927416712513,,,0.0,0.0,27.77315836616979,False,False,True,False,False,False,False,70,0,0.0,0.0,0.0,,-1,0.0,0.0,21,2,2,0,0,0,[],[],[]
71,101,quasi,False,104.09337256242816,30.65689514001562,18.676048138805896,-0.8997155638021361,0.8997155638021361,2.999051879340453,,,0.0,0.0,27.77315836616979,False,False,True,False,False,False,False,71,0,0.0,0.0,0.0,,-1,0.0,0.0,52,3,5,0,0,0,[],[],[]
72,101,quasi,False,104.075422,30.660412,18.147754300783273,-0.5282938380226234,0.5282938380226234,1.760979460075408,,,0.0,0.0,27.77315836616979,False,False,True,False,False,False,False,72,0,0.0,0.0,0.0,,-1,0.0,0.0,58,2,5,0,0,1,[],[],[]
73,101,quasi,False,104.075422,30.660412,18.147754300783273,0.0,0.0,0.0,,,0.0,0.0,27.77315836616979,False,False,True,False,False,False,False,73,0,0.0,0.0,0.0,,-1,0.0,0.0,55,1,5,0,0,1,[],[],[]
74,101,quasi,False,104.075422,30.660412,18.147754300783273,0.0,0.0,0.0,,,0.0,0.0,27.77315836616979,False,False,True,False,False,False,False,74,0,0.0,0.0,0.0,,-1,0.0,0.0,56,1,6,0,0,1,[],[],[]
75,101,quasi,False,104.075422,30.660412,18.147754300783273,0.0,0.0,0.0,,,0.0,0.0,27.77315836616979,False,False,True,False,False,False,False,75,0,0.0,0.0,0.0,,-1,0.0,0.0,57,1,2,0,0,1,[],[],[]
76,101,quasi,False,104.075422,30.660412,18.147754300783273,0.0,0.0,0.0,,,0.0,0.0,27.77315836616979,False,False,True,False,False,False,False,76,0,0.0,0.0,0.0,,-1,0.0,0.0,54,1,3,0,0,1,[],[],[]
77,101,quasi,False,104.075422,30.660412,18.147754300783273,0.0,0.0,0.0,,,0.0,0.0,27.77315836616979,False,False,True,False,False,False,False,77,0,0.0,0.0,0.0,,-1,0.0,0.0,53,3,6,0,0,1,[],[],[]
78,101,quasi,False,104.075422,30.660412,18.147754300783273,0.0,0.0,0.0,,,0.0,0.0,27.77315836616979,False,False,True,False,False,False,False,78,0,0.0,0.0,0.0,,-1,0.0,0.0,53,3,5,0,0,1,[],[],[]
79,101,quasi,False,104.075422,30.660412,18.147754300783273,0.0,0.0,0.0,,,0.0,0.0,27.77315836616979,False,False,True,False,False,False,False,79,0,0.0,0.0,0.0,,-1,0.0,0.0,52,1,4,1,0,1,[],[],[]
80,101,quasi,False,104.075422,30.660412,18.147754300783273,0.0,0.0,0.0,,,0.0,0.0,27.77315836616979,False,False,True,False,False,False,False,80,0,0.0,0.0,0.0,,-1,0.0,0.0,49,2,4,1,0,1,[],[],[]
81,101,quasi,False,104.075422,30.660412,18.147754300783273,0.0,0.0,0.0,,,0.0,0.0,27.77315836616979,False,False,True,False,False,False,False,81,0,0.0,0.0,0.0,,-1,0.0,0.0,42,4,5,0,0,1,[],[],[]
82,101,quasi,False,104.075422,30.660412,18.147754300783273,0.0,0.0,0.0,,,0.0,0.0,27.77315836616979,False,False,True,False,False,False,False,82,0,0.0,0.0,0.0,,-1,0.0,0.0,39,3,2,0,0,1,[],[],[]
83,101,quasi,False,104.075422,30.660412,18.147754300783273,0.0,0.0,0.0,,,0.0,0.0,27.77315836616979,False,False,True,False,False,False,False,83,0,0.0,0.0,0.0,,-1,0.0,0.0,45,1,2,1,0,1,[],[],[]
84,101,quasi,False,104.075422,30.660412,18.147754300783273,0.0,0.0,0.0,,,0.0,0.0,27.77315836616979,False,False,True,False,False,False,False,84,0,0.0,0.0,0.0,,-1,0.0,0.0,53,2,4,1,0,1,[],[],[]
85,101,quasi,False,104.075422,30.660412,18.147754300783273,0.0,0.0,0.0,,,0.0,0.0,27.77315836616979,False,False,True,False,False,False,False,85,0,0.0,0.0,0.0,,-1,0.0,0.0,56,2,5,0,0,1,[],[],[]
86,101,quasi,False,104.075422,30.660412,18.147754300783273,0.0,0.0,0.0,,,0.0,0.0,27.77315836616979,False,False,True,False,False,False,False,86,0,0.0,0.0,0.0,,-1,0.0,0.0,51,3,3,0,0,1,[],[],[]
87,101,quasi,False,104.075422,30.660412,18.147754300783273,0.0,0.0,0.0,,,0.0,0.0,27.77315836616979,False,False,True,False,False,False,False,87,0,0.0,0.0,0.0,,-1,0.0,0.0,46,3,3,0,0,1,[],[],[]
88,101,quasi,False,104.075422,30.660412,18.147754300783273,0.0,0.0,0.0,,,0.0,0.0,27.77315836616979,False,False,True,False,False,False,False,88,0,0.0,0.0,0.0,,-1,0.0,0.0,47,1,2,0,0,1,[],[],[]
89,101,quasi,False,104.075422,30.660412,18.147754300783273,0.0,0.0,0.0,,,0.0,0.0,27.77315836616979,False,False,True,False,False,False,False,89,0,0.0,0.0,0.0,,-1,0.0,0.0,38,2,3,0,0,1,[],[],[]
90,101,quasi,False,104.075422,30.660412,18.147754300783273,0.0,0.0,0.0,,,0.0,0.0,27.77315836616979,False,False,True,False,False,False,False,90,0,0.0,0.0,0.0,,-1,0.0,0.0,41,2,0,0,0,1,[],[],[]
91,101,quasi,False,104.075422,30.660412,18.147754300783273,0.0,0.0,0.0,,,0.0,0.0,27.77315836616979,False,False,True,False,False,False,False,91,0,0.0,0.0,0.0,,-1,0.0,0.0,38,3,0,0,0,1,[],[],[]
92,101,quasi,False,104.075422,30.660412,18.147754300783273,0.0,0.0,0.0,,,0.0,0.0,27.77315836616979,False,False,True,False,False,False,False,92,0,0.0,0.0,0.0,,-1,0.0,0.0,31,2,1,0,0,1,[],[],[]
93,101,quasi,False,104.075422,30.660412,18.147754300783273,0.0,0.0,0.0,,,0.0,0.0,27.77315836616979,False,False,True,False,False,False,False,93,0,0.0,0.0,0.0,,-1,0.0,0.0,38,2,0,1,0,1,[],[],[]
94,101,quasi,False,104.075422,30.660412,18.147754300783273,0.0,0.0,0.0,,,0.0,0.0,27.77315836616979,False,False,True,False,False,False,False,94,0,0.0,0.0,0.0,,-1,0.0,0.0,43,0,0,1,0,1,[],[],[]
95,101,quasi,False,104.075422,30.660412,18.147754300783273,0.0,0.0,0.0,,,0.0,0.0,27.77315836616979,False,False,True,False,False,False,False,95,0,0.0,0.0,0.0,,-1,0.0,0.0,48,1,0,1,0,1,[],[],[]
96,101,quasi,False,104.075422,30.660412,18.147754300783273,0.0,0.0,0.0,,,0.0,0.0,27.77315836616979,False,False,True,False,False,False,False,96,0,0.0,0.0,0.0,,-1,0.0,0.0,49,4,1,0,0,1,[],[],[]
97,101,quasi,False,104.075422,30.660412,18.147754300783273,0.0,0.0,0.0,,,0.0,0.0,27.77315836616979,False,False,True,False,False,False,False,97,0,0.0,0.0,0.0,,-1,0.0,0.0,52,5,1,0,0,1,[],[],[]
98,101,quasi,False,104.075422,30.660412,18.147754300783273,0.0,0.0,0.0,,,0.0,0.0,27.77315836616979,False,False,True,False,False,False,False,98,0,0.0,0.0,0.0,,-1,0.0,0.0,49,7,1,0,0,1,[],[],[]
99,101,quasi,False,104.075422,30.660412,18.147754300783273,0.0,0.0,0.0,,,0.0,0.0,27.77315836616979,False,False,True,False,False,False,False,99,0,0.0,0.0,0.0,,-1,0.0,0.0,47,4,1,0,0,1,[],[],[]
100,101,quasi,False,104.075422,30.660412,18.147754300783273,0.0,0.0,0.0,,,0.0,0.0,27.77315836616979,False,False,True,False,False,False,False,100,0,0.0,0.0,0.0,,-1,0.0,0.0,46,3,1,0,0,1,[],[],[]
101,101,quasi,False,104.075422,30.660412,18.147754300783273,0.0,0.0,0.0,,,0.0,0.0,27.77315836616979,False,False,True,False,False,False,False,101,0,0.0,0.0,0.0,,-1,0.0,0.0,39,3,2,0,0,1,[],[],[]
102,101,quasi,False,104.075422,30.660412,18.147754300783273,0.0,0.0,0.0,,,0.0,0.0,27.77315836616979,False,False,True,False,False,False,False,102,0,0.0,0.0,0.0,,-1,0.0,0.0,39,6,1,0,0,1,[],[],[]
103,101,quasi,False,104.075422,30.660412,18.147754300783273,0.0,0.0,0.0,,,0.0,0.0,27.77315836616979,False,False,True,False,False,False,False,103,0,0.0,0.0,0.0,,-1,0.0,0.0,35,5,1,0,0,1,[],[],[]
104,101,quasi,False,104.04476338303336,30.666066951127842,17.248029362376283,-0.8997249384069903,0.8997249384069903,2.9990831280233023,,,0.0,0.0,27.77315836616979,False,False,True,False,False,False,False,104,0,0.0,0.0,0.0,,-1,0.0,0.0,29,0,1,0,0,0,[],[],[]
105,101,quasi,False,104.014397,30.671668,16.356930105695437,-0.891099256680846,0.891099256680846,2.970330855602825,,,0.0,0.0,27.77315836616979,False,False,True,False,False,False,False,105,0,0.0,0.0,0.0,,-1,0.0,0.0,9,0,0,0,2,0,[],[],[]
106,101,quasi,False,103.98474613972886,30.662895235161262,15.457230614467722,-0.8996994912277145,0.8996994912277145,2.9989983040923804,,,0.0,0.0,27.77315836616979,False,False,True,False,False,False,False,106,0,0.0,0.0,0.0,,-1,0.0,0.0,5,0,0,0,1,1,[],[],[]
107,101,quasi,False,103.984333,30.662773,15.444694151775087,-0.012536462692635197,0.012536462692635197,0.04178820897544933,,,0.0,0.0,27.77315836616979,False,False,True,False,False,False,False,107,0,0.0,0.0,0.0,,-1,0.0,0.0,2,0,1,0,1,0,[],[],[]
108,101,quasi,False,103.974047,30.671977,15.018813868959048,-0.4258802828160384,0.4258802828160384,1.4196009427201286,,,0.0,0.0,27.77315836616979,False,False,True,False,False,False,False,108,0,0.0,0.0,0.0,,-1,0.0,0.0,1,0,1,0,1,0,[],[],[]
109,101,quasi,False,103.996699,30.683586,14.26229563968306,-0.7565182292759882,0.7565182292759882,2.521727430919959,,,0.0,0.0,27.77315836616979,False,False,True,False,False,False,False,109,0,0.0,0.0,0.0,,-1,0.0,0.0,4,0,2,0,2,0,[],[],[]
110,101,quasi,False,104.01909834795691,30.702466555470057,13.362555216300093,-0.8997404233829673,0.8997404233829673,2.9991347446098904,,,0.0,0.0,27.77315836616979,False,False,True,False,False,False,False,110,0,0.0,0.0,0.0,,-1,0.0,0.0,7,0,0,0,1,0,[],[],[]
111,101,quasi,False,104.039266,30.719466,12.552534696866628,-0.8100205194334649,0.8100205194334649,2.700068398111547,,,0.0,0.0,27.77315836616979,False,False,True,False,False,False,False,111,0,0.0,0.0,0.0,,-1,0.0,0.0,2,1,0,0,0,0,[],[],[]
112,101,quasi,False,104.07063836867526,30.719309397397417,11.652835339640934,-0.8996993572256944,0.8996993572256944,2.998997857418984,,,0.0,0.0,27.77315836616979,False,False,True,False,False,False,False,112,0,0.0,0.0,0.0,,-1,0.0,0.0,5,2,0,0,0,0,[],[],[]
113,101,quasi,False,104.098564,30.71917,10.851980568593005,-0.8008547710479288,0.8008547710479288,2.669515903493098,,,0.0,0.0,27.77315836616979,False,False,True,False,False,False,False,113,0,0.0,0.0,0.0,,-1,0.0,0.0,0,0,0,0,0,0,[],[],[]
114,101,quasi,False,104.112429,30.704111,10.21129825006791,-0.6406823185250943,0.6406823185250943,2.1356077284169825,,,0.0,0.0,27.77315836616979,False,False,True,False,False,False,False,114,0,0.0,0.0,0.0,,-1,0.0,0.0,6,1,0,0,0,0,[],[],[]
115,101,iev,True,104.103766,30.705407,9.959093468852506,-0.25220478121540424,0.25220478121540424,0.8406826040513498,,,0.0,0.0,27.77315836616979,True,False,False,True,False,False,False,115,0,0.0,0.0,0.0,,-1,0.0,0.0,10,2,1,0,0,0,"[9.959093468852506, 0.0]",[],"[true, true, true, true, true]"
116,101,iev,True,104.107238,30.69232,9.51131577794965,-0.447777690902857,0.447777690902857,1.4925923030095263,104.107238,30.69232,-0.026237702229949336,-0.026237702229949336,27.77315836616979,True,False,False,True,False,False,False,116,1,5.0,1.4925923030095263,0.0,,-1,0.0,0.0,15,2,1,0,0,0,"[9.51131577794965, 5.0]",[],"[true, true, true, true, true]"
117,101,iev,True,104.088044,30.692973,8.960294622848494,-0.5510211551011555,0.5510211551011555,1.8367371836705202,104.088044,30.692973,-0.0521149686764524,-0.07835267090640173,27.77315836616979,True,False,False,True,False,False,False,117,2,10.0,3.3293294866800465,0.0,,-1,0.0,0.0,15,0,1,2,0,0,"[8.960294622848494, 10.0]","[[1.0159172309970572, 2.698035487512391, 1.1786800033420273, 7.510246578204782], [4.479466422888667, 2.9735253582541117, 1.0155362280379325, 14.879675900349813]]","[false, false, true, true, true]"
118,101,iev,True,104.05676586315008,30.690980729591942,8.06059991015066,-0.8996947126978334,0.8996947126978334,2.9989823756594434,104.05676586315008,30.690980729591942,-0.09757312651068623,-0.17592579741708797,27.77315836616979,True,False,False,True,False,False,False,118,3,15.0,6.32831186233949,0.0,,-1,0.0,0.0,7,4,0,1,0,0,"[8.06059991015066, 15.0]","[[11.36827585696684, 1.652186837307237, 10.06688556826528, 33.886094092865136]]","[false, true, true, true, true]"
119,101,iev,True,104.038841,30.689839,7.544994870139761,-0.5156050400108994,0.5156050400108994,1.718683466702999,104.038841,30.689839,-0.04194967247040045,-0.2178754698874884,27.77315836616979,True,False,False,True,False,False,False,119,4,20.0,8.046995329042488,0.0,,-1,0.0,0.0,11,0,1,0,0,0,"[7.544994870139761, 20.0]",[],"[true, true, true, true, true]"
120,101,fail,False,104.033821,30.693487,7.356459149526266,-0.188535720613495,0.188535720613495,0.6284524020449843,104.033821,30.693487,-0.312518211282596,-0.5303936811700845,27.77315836616979,False,False,False,False,False,True,False,120,5,25.0,8.675447731087473,0.0,,-1,0.0,0.0,0,0,0,0,0,0,[],[],[]
121,101,fail,False,104.033821,30.693487,7.356459149526266,0.0,0.0,0.0,,,0.0,-0.5303936811700845,27.77315836616979,False,False,False,False,False,True,False,120,5,25.0,8.675447731087473,0.0,,-1,0.0,0.0,0,0,0,0,0,0,[],[],[]
122,101,fail,False,104.033821,30.693487,7.356459149526266,0.0,0.0,0.0,,,0.0,-0.5303936811700845,27.77315836616979,False,False,False,False,False,True,False,120,5,25.0,8.675447731087473,0.0,,-1,0.0,0.0,0,0,0,0,0,0,[],[],[]
123,101,fail,False,104.033821,30.693487,7.356459149526266,0.0,0.0,0.0,,,0.0,-0.5303936811700845,27.77315836616979,False,False,False,False,False,True,False,120,5,25.0,8.675447731087473,0.0,,-1,0.0,0.0,0,0,0,0,0,0,[],[],[]
124,101,fail,False,104.033821,30.693487,7.356459149526266,0.0,0.0,0.0,,,0.0,-0.5303936811700845,27.77315836616979,False,False,False,False,False,True,False,120,5,25.0,8.675447731087473,0.0,,-1,0.0,0.0,0,0,0,0,0,0,[],[],[]
125,101,fail,False,104.033821,30.693487,7.356459149526266,0.0,0.0,0.0,,,0.0,-0.5303936811700845,27.77315836616979,False,False,False,False,False,True,False,120,5,25.0,8.675447731087473,0.0,,-1,0.0,0.0,0,0,0,0,0,0,[],[],[]
126,101,fail,False,104.033821,30.693487,7.356459149526266,0.0,0.0,0.0,,,0.0,-0.5303936811700845,27.77315836616979,False,False,False,False,False,True,False,120,5,25.0,8.675447731087473,0.0,,-1,0.0,0.0,0,0,0,0,0,0,[],[],[]
127,101,fail,False,104.033821,30.693487,7.356459149526266,0.0,0.0,0.0,,,0.0,-0.5303936811700845,27.77315836616979,False,False,False,False,False,True,False,120,5,25.0,8.675447731087473,0.0,,-1,0.0,0.0,0,0,0,0,0,0,[],[],[]
128,101,fail,False,104.033821,30.693487,7.356459149526266,0.0,0.0,0.0,,,0.0,-0.5303936811700845,27.77315836616979,False,False,False,False,False,True,False,120,5,25.0,8.675447731087473,0.0,,-1,0.0,0.0,0,0,0,0,0,0,[],[],[]
129,101,fail,False,104.033821,30.693487,7.356459149526266,0.0,0.0,0.0,,,0.0,-0.5303936811700845,27.77315836616979,False,False,False,False,False,True,False,120,5,25.0,8.675447731087473,0.0,,-1,0.0,0.0,0,0,0,0,0,0,[],[],[]
130,101,fail,False,104.033821,30.693487,7.356459149526266,0.0,0.0,0.0,,,0.0,-0.5303936811700845,27.77315836616979,False,False,False,False,False,True,False,120,5,25.0,8.675447731087473,0.0,,-1,0.0,0.0,0,0,0,0,0,0,[],[],[]
131,101,fail,False,104.033821,30.693487,7.356459149526266,0.0,0.0,0.0,,,0.0,-0.5303936811700845,27.77315836616979,False,False,False,False,False,True,False,120,5,25.0,8.675447731087473,0.0,,-1,0.0,0.0,0,0,0,0,0,0,[],[],[]
132,101,fail,False,104.033821,30.693487,7.356459149526266,0.0,0.0,0.0,,,0.0,-0.5303936811700845,27.77315836616979,False,False,False,False,False,True,False,120,5,25.0,8.675447731087473,0.0,,-1,0.0,0.0,0,0,0,0,0,0,[],[],[]
133,101,fail,False,104.033821,30.693487,7.356459149526266,0.0,0.0,0.0,,,0.0,-0.5303936811700845,27.77315836616979,False,False,False,False,False,True,False,120,5,25.0,8.675447731087473,0.0,,-1,0.0,0.0,0,0,0,0,0,0,[],[],[]
134,101,fail,False,104.033821,30.693487,7.356459149526266,0.0,0.0,0.0,,,0.0,-0.5303936811700845,27.77315836616979,False,False,False,False,False,True,False,120,5,25.0,8.675447731087473,0.0,,-1,0.0,0.0,0,0,0,0,0,0,[],[],[]
135,101,fail,False,104.033821,30.693487,7.356459149526266,0.0,0.0,0.0,,,0.0,-0.5303936811700845,27.77315836616979,False,False,False,False,False,True,False,120,5,25.0,8.675447731087473,0.0,,-1,0.0,0.0,0,0,0,0,0,0,[],[],[]
136,101,fail,False,104.033821,30.693487,7.356459149526266,0.0,0.0,0.0,,,0.0,-0.5303936811700845,27.77315836616979,False,False,False,False,False,True,False,120,5,25.0,8.675447731087473,0.0,,-1,0.0,0.0,0,0,0,0,0,0,[],[],[]
137,101,fail,False,104.033821,30.693487,7.356459149526266,0.0,0.0,0.0,,,0.0,-0.5303936811700845,27.77315836616979,False,False,False,False,False,True,False,120,5,25.0,8.675447731087473,0.0,,-1,0.0,0.0,0,0,0,0,0,0,[],[],[]
138,101,fail,False,104.033821,30.693487,7.356459149526266,0.0,0.0,0.0,,,0.0,-0.5303936811700845,27.77315836616979,False,False,False,False,False,True,False,120,5,25.0,8.675447731087473,0.0,,-1,0.0,0.0,0,0,0,0,0,0,[],[],[]
139,101,fail,False,104.033821,30.693487,7.356459149526266,0.0,0.0,0.0,,,0.0,-0.5303936811700845,27.77315836616979,False,False,False,False,False,True,False,120,5,25.0,8.675447731087473,0.0,,-1,0.0,0.0,0,0,0,0,0,0,[],[],[]
140,101,fail,False,104.033821,30.693487,7.356459149526266,0.0,0.0,0.0,,,0.0,-0.5303936811700845,27.77315836616979,False,False,False,False,False,True,False,120,5,25.0,8.675447731087473,0.0,,-1,0.0,0.0,0,0,0,0,0,0,[],[],[]
141,101,fail,False,104.033821,30.693487,7.356459149526266,0.0,0.0,0.0,,,0.0,-0.5303936811700845,27.77315836616979,False,False,False,False,False,True,False,120,5,25.0,8.675447731087473,0.0,,-1,0.0,0.0,0,0,0,0,0,0,[],[],[]
142,101,fail,False,104.033821,30.693487,7.356459149526266,0.0,0.0,0.0,,,0.0,-0.5303936811700845,27.77315836616979,False,False,False,False,False,True,False,120,5,25.0,8.675447731087473,0.0,,-1,0.0,0.0,0,0,0,0,0,0,[],[],[]
143,101,fail,False,104.033821,30.693487,7.356459149526266,0.0,0.0,0.0,,,0.0,-0.5303936811700845,27.77315836616979,False,False,False,False,False,True,False,120,5,25.0,8.675447731087473,0.0,,-1,0.0,0.0,0,0,0,0,0,0,[],[],[]
144,101,fail,False,104.033821,30.693487,7.356459149526266,0.0,0.0,0.0,,,0.0,-0.5303936811700845,27.77315836616979,False,False,False,False,False,True,False,120,5,25.0,8.675447731087473,0.0,,-1,0.0,0.0,0,0,0,0,0,0,[],[],[]
145,101,fail,False,104.033821,30.693487,7.356459149526266,0.0,0.0,0.0,,,0.0,-0.5303936811700845,27.77315836616979,False,False,False,False,False,True,False,120,5,25.0,8.675447731087473,0.0,,-1,0.0,0.0,0,0,0,0,0,0,[],[],[]
146,101,fail,False,104.033821,30.693487,7.356459149526266,0.0,0.0,0.0,,,0.0,-0.5303936811700845,27.77315836616979,False,False,False,False,False,True,False,120,5,25.0,8.675447731087473,0.0,,-1,0.0,0.0,0,0,0,0,0,0,[],[],[]
147,101,fail,False,104.033821,30.693487,7.356459149526266,0.0,0.0,0.0,,,0.0,-0.5303936811700845,27.77315836616979,False,False,False,False,False,True,False,120,5,25.0,8.675447731087473,0.0,,-1,0.0,0.0,0,0,0,0,0,0,[],[],[]
148,101,fail,False,104.033821,30.693487,7.356459149526266,0.0,0.0,0.0,,,0.0,-0.5303936811700845,27.77315836616979,False,False,False,False,False,True,False,120,5,25.0,8.675447731087473,0.0,,-1,0.0,0.0,0,0,0,0,0,0,[],[],[]
149,101,fail,False,104.033821,30.693487,7.356459149526266,0.0,0.0,0.0,,,0.0,-0.5303936811700845,27.77315836616979,False,False,False,False,False,True,False,120,5,25.0,8.675447731087473,0.0,,-1,0.0,0.0,0,0,0,0,0,0,[],[],[]
150,101,fail,False,104.033821,30.693487,7.356459149526266,0.0,0.0,0.0,,,0.0,-0.5303936811700845,27.77315836616979,False,False,False,False,False,True,False,120,5,25.0,8.675447731087473,0.0,,-1,0.0,0.0,0,0,0,0,0,0,[],[],[]
151,101,fail,False,104.033821,30.693487,7.356459149526266,0.0,0.0,0.0,,,0.0,-0.5303936811700845,27.77315836616979,False,False,False,False,False,True,False,120,5,25.0,8.675447731087473,0.0,,-1,0.0,0.0,0,0,0,0,0,0,[],[],[]
152,101,fail,False,104.033821,30.693487,7.356459149526266,0.0,0.0,0.0,,,0.0,-0.5303936811700845,27.77315836616979,False,False,False,False,False,True,False,120,5,25.0,8.675447731087473,0.0,,-1,0.0,0.0,0,0,0,0,0,0,[],[],[]
153,101,fail,False,104.033821,30.693487,7.356459149526266,0.0,0.0,0.0,,,0.0,-0.5303936811700845,27.77315836616979,False,False,False,False,False,True,False,120,5,25.0,8.675447731087473,0.0,,-1,0.0,0.0,0,0,0,0,0,0,[],[],[]
154,101,fail,False,104.033821,30.693487,7.356459149526266,0.0,0.0,0.0,,,0.0,-0.5303936811700845,27.77315836616979,False,False,False,False,False,True,False,120,5,25.0,8.675447731087473,0.0,,-1,0.0,0.0,0,0,0,0,0,0,[],[],[]
155,101,fail,False,104.033821,30.693487,7.356459149526266,0.0,0.0,0.0,,,0.0,-0.5303936811700845,27.77315836616979,False,False,False,False,False,True,False,120,5,25.0,8.675447731087473,0.0,,-1,0.0,0.0,0,0,0,0,0,0,[],[],[]
156,101,fail,False,104.033821,30.693487,7.356459149526266,0.0,0.0,0.0,,,0.0,-0.5303936811700845,27.77315836616979,False,False,False,False,False,True,False,120,5,25.0,8.675447731087473,0.0,,-1,0.0,0.0,0,0,0,0,0,0,[],[],[]
157,101,fail,False,104.033821,30.693487,7.356459149526266,0.0,0.0,0.0,,,0.0,-0.5303936811700845,27.77315836616979,False,False,False,False,False,True,False,120,5,25.0,8.675447731087473,0.0,,-1,0.0,0.0,0,0,0,0,0,0,[],[],[]
158,101,fail,False,104.033821,30.693487,7.356459149526266,0.0,0.0,0.0,,,0.0,-0.5303936811700845,27.77315836616979,False,False,False,False,False,True,False,120,5,25.0,8.675447731087473,0.0,,-1,0.0,0.0,0,0,0,0,0,0,[],[],[]
159,101,fail,False,104.033821,30.693487,7.356459149526266,0.0,0.0,0.0,,,0.0,-0.5303936811700845,27.77315836616979,False,False,False,False,False,True,False,120,5,25.0,8.675447731087473,0.0,,-1,0.0,0.0,0,0,0,0,0,0,[],[],[]
160,101,fail,False,104.033821,30.693487,7.356459149526266,0.0,0.0,0.0,,,0.0,-0.5303936811700845,27.77315836616979,False,False,False,False,False,True,False,120,5,25.0,8.675447731087473,0.0,,-1,0.0,0.0,0,0,0,0,0,0,[],[],[]
161,101,fail,False,104.033821,30.693487,7.356459149526266,0.0,0.0,0.0,,,0.0,-0.5303936811700845,27.77315836616979,False,False,False,False,False,True,False,120,5,25.0,8.675447731087473,0.0,,-1,0.0,0.0,0,0,0,0,0,0,[],[],[]
162,101,fail,False,104.033821,30.693487,7.356459149526266,0.0,0.0,0.0,,,0.0,-0.5303936811700845,27.77315836616979,False,False,False,False,False,True,False,120,5,25.0,8.675447731087473,0.0,,-1,0.0,0.0,0,0,0,0,0,0,[],[],[]
163,101,fail,False,104.033821,30.693487,7.356459149526266,0.0,0.0,0.0,,,0.0,-0.5303936811700845,27.77315836616979,False,False,False,False,False,True,False,120,5,25.0,8.675447731087473,0.0,,-1,0.0,0.0,0,0,0,0,0,0,[],[],[]
164,101,fail,False,104.033821,30.693487,7.356459149526266,0.0,0.0,0.0,,,0.0,-0.5303936811700845,27.77315836616979,False,False,False,False,False,True,False,120,5,25.0,8.675447731087473,0.0,,-1,0.0,0.0,0,0,0,0,0,0,[],[],[]
165,101,fail,False,104.033821,30.693487,7.356459149526266,0.0,0.0,0.0,,,0.0,-0.5303936811700845,27.77315836616979,False,False,False,False,False,True,False,120,5,25.0,8.675447731087473,0.0,,-1,0.0,0.0,0,0,0,0,0,0,[],[],[]
166,101,fail,False,104.033821,30.693487,7.356459149526266,0.0,0.0,0.0,,,0.0,-0.5303936811700845,27.77315836616979,False,False,False,False,False,True,False,120,5,25.0,8.675447731087473,0.0,,-1,0.0,0.0,0,0,0,0,0,0,[],[],[]
167,101,fail,False,104.033821,30.693487,7.356459149526266,0.0,0.0,0.0,,,0.0,-0.5303936811700845,27.77315836616979,False,False,False,False,False,True,False,120,5,25.0,8.675447731087473,0.0,,-1,0.0,0.0,0,0,0,0,0,0,[],[],[]
168,101,fail,False,104.033821,30.693487,7.356459149526266,0.0,0.0,0.0,,,0.0,-0.5303936811700845,27.77315836616979,False,False,False,False,False,True,False,120,5,25.0,8.675447731087473,0.0,,-1,0.0,0.0,0,0,0,0,0,0,[],[],[]
169,101,fail,False,104.033821,30.693487,7.356459149526266,0.0,0.0,0.0,,,0.0,-0.5303936811700845,27.77315836616979,False,False,False,False,False,True,False,120,5,25.0,8.675447731087473,0.0,,-1,0.0,0.0,0,0,0,0,0,0,[],[],[]
170,101,fail,False,104.033821,30.693487,7.356459149526266,0.0,0.0,0.0,,,0.0,-0.5303936811700845,27.77315836616979,False,False,False,False,False,True,False,120,5,25.0,8.675447731087473,0.0,,-1,0.0,0.0,0,0,0,0,0,0,[],[],[]
171,101,fail,False,104.033821,30.693487,7.356459149526266,0.0,0.0,0.0,,,0.0,-0.5303936811700845,27.77315836616979,False,False,False,False,False,True,False,120,5,25.0,8.675447731087473,0.0,,-1,0.0,0.0,0,0,0,0,0,0,[],[],[]
172,101,fail,False,104.033821,30.693487,7.356459149526266,0.0,0.0,0.0,,,0.0,-0.5303936811700845,27.77315836616979,False,False,False,False,False,True,False,120,5,25.0,8.675447731087473,0.0,,-1,0.0,0.0,0,0,0,0,0,0,[],[],[]
173,101,fail,False,104.033821,30.693487,7.356459149526266,0.0,0.0,0.0,,,0.0,-0.5303936811700845,27.77315836616979,False,False,False,False,False,True,False,120,5,25.0,8.675447731087473,0.0,,-1,0.0,0.0,0,0,0,0,0,0,[],[],[]
174,101,fail,False,104.033821,30.693487,7.356459149526266,0.0,0.0,0.0,,,0.0,-0.5303936811700845,27.77315836616979,False,False,False,False,False,True,False,120,5,25.0,8.675447731087473,0.0,,-1,0.0,0.0,0,0,0,0,0,0,[],[],[]
175,101,fail,False,104.033821,30.693487,7.356459149526266,0.0,0.0,0.0,,,0.0,-0.5303936811700845,27.77315836616979,False,False,False,False,False,True,False,120,5,25.0,8.675447731087473,0.0,,-1,0.0,0.0,0,0,0,0,0,0,[],[],[]
176,101,fail,False,104.033821,30.693487,7.356459149526266,0.0,0.0,0.0,,,0.0,-0.5303936811700845,27.77315836616979,False,False,False,False,False,True,False,120,5,25.0,8.675447731087473,0.0,,-1,0.0,0.0,0,0,0,0,0,0,[],[],[]
177,101,fail,False,104.033821,30.693487,7.356459149526266,0.0,0.0,0.0,,,0.0,-0.5303936811700845,27.77315836616979,False,False,False,False,False,True,False,120,5,25.0,8.675447731087473,0.0,,-1,0.0,0.0,0,0,0,0,0,0,[],[],[]
178,101,fail,False,104.033821,30.693487,7.356459149526266,0.0,0.0,0.0,,,0.0,-0.5303936811700845,27.77315836616979,False,False,False,False,False,True,False,120,5,25.0,8.675447731087473,0.0,,-1,0.0,0.0,0,0,0,0,0,0,[],[],[]
179,101,fail,False,104.033821,30.693487,7.356459149526266,0.0,0.0,0.0,,,0.0,-0.5303936811700845,27.77315836616979,False,False,False,False,False,True,False,120,5,25.0,8.675447731087473,0.0,,-1,0.0,0.0,0,0,0,0,0,0,[],[],[]
180,101,fail,False,104.033821,30.693487,7.356459149526266,0.0,0.0,0.0,,,0.0,-0.5303936811700845,27.77315836616979,False,False,False,False,False,True,False,120,5,25.0,8.675447731087473,0.0,,-1,0.0,0.0,0,0,0,0,0,0,[],[],[]
181,101,fail,False,104.033821,30.693487,7.356459149526266,0.0,0.0,0.0,,,0.0,-0.5303936811700845,27.77315836616979,False,False,False,False,False,True,False,120,5,25.0,8.675447731087473,0.0,,-1,0.0,0.0,0,0,0,0,0,0,[],[],[]
182,101,fail,False,104.033821,30.693487,7.356459149526266,0.0,0.0,0.0,,,0.0,-0.5303936811700845,27.77315836616979,False,False,False,False,False,True,False,120,5,25.0,8.675447731087473,0.0,,-1,0.0,0.0,0,0,0,0,0,0,[],[],[]
183,101,fail,False,104.033821,30.693487,7.356459149526266,0.0,0.0,0.0,,,0.0,-0.5303936811700845,27.77315836616979,False,False,False,False,False,True,False,120,5,25.0,8.675447731087473,0.0,,-1,0.0,0.0,0,0,0,0,0,0,[],[],[]
184,101,fail,False,104.033821,30.693487,7.356459149526266,0.0,0.0,0.0,,,0.0,-0.5303936811700845,27.77315836616979,False,False,False,False,False,True,False,120,5,25.0,8.675447731087473,0.0,,-1,0.0,0.0,0,0,0,0,0,0,[],[],[]
185,101,fail,False,104.033821,30.693487,7.356459149526266,0.0,0.0,0.0,,,0.0,-0.5303936811700845,27.77315836616979,False,False,False,False,False,True,False,120,5,25.0,8.675447731087473,0.0,,-1,0.0,0.0,0,0,0,0,0,0,[],[],[]
186,101,fail,False,104.033821,30.693487,7.356459149526266,0.0,0.0,0.0,,,0.0,-0.5303936811700845,27.77315836616979,False,False,False,False,False,True,False,120,5,25.0,8.675447731087473,0.0,,-1,0.0,0.0,0,0,0,0,0,0,[],[],[]
187,101,fail,False,104.033821,30.693487,7.356459149526266,0.0,0.0,0.0,,,0.0,-0.5303936811700845,27.77315836616979,False,False,False,False,False,True,False,120,5,25.0,8.675447731087473,0.0,,-1,0.0,0.0,0,0,0,0,0,0,[],[],[]
188,101,fail,False,104.033821,30.693487,7.356459149526266,0.0,0.0,0.0,,,0.0,-0.5303936811700845,27.77315836616979,False,False,False,False,False,True,False,120,5,25.0,8.675447731087473,0.0,,-1,0.0,0.0,0,0,0,0,0,0,[],[],[]
189,101,fail,False,104.033821,30.693487,7.356459149526266,0.0,0.0,0.0,,,0.0,-0.5303936811700845,27.77315836616979,False,False,False,False,False,True,False,120,5,25.0,8.675447731087473,0.0,,-1,0.0,0.0,0,0,0,0,0,0,[],[],[]
190,101,fail,False,104.033821,30.693487,7.356459149526266,0.0,0.0,0.0,,,0.0,-0.5303936811700845,27.77315836616979,False,False,False,False,False,True,False,120,5,25.0,8.675447731087473,0.0,,-1,0.0,0.0,0,0,0,0,0,0,[],[],[]
191,101,fail,False,104.033821,30.693487,7.356459149526266,0.0,0.0,0.0,,,0.0,-0.5303936811700845,27.77315836616979,False,False,False,False,False,True,False,120,5,25.0,8.675447731087473,0.0,,-1,0.0,0.0,0,0,0,0,0,0,[],[],[]
192,101,fail,False,104.033821,30.693487,7.356459149526266,0.0,0.0,0.0,,,0.0,-0.5303936811700845,27.77315836616979,False,False,False,False,False,True,False,120,5,25.0,8.675447731087473,0.0,,-1,0.0,0.0,0,0,0,0,0,0,[],[],[]
193,101,fail,False,104.033821,30.693487,7.356459149526266,0.0,0.0,0.0,,,0.0,-0.5303936811700845,27.77315836616979,False,False,False,False,False,True,False,120,5,25.0,8.675447731087473,0.0,,-1,0.0,0.0,0,0,0,0,0,0,[],[],[]
194,101,fail,False,104.033821,30.693487,7.356459149526266,0.0,0.0,0.0,,,0.0,-0.5303936811700845,27.77315836616979,False,False,False,False,False,True,False,120,5,25.0,8.675447731087473,0.0,,-1,0.0,0.0,0,0,0,0,0,0,[],[],[]
195,101,fail,False,104.033821,30.693487,7.356459149526266,0.0,0.0,0.0,,,0.0,-0.5303936811700845,27.77315836616979,False,False,False,False,False,True,False,120,5,25.0,8.675447731087473,0.0,,-1,0.0,0.0,0,0,0,0,0,0,[],[],[]
196,101,fail,False,104.033821,30.693487,7.356459149526266,0.0,0.0,0.0,,,0.0,-0.5303936811700845,27.77315836616979,False,False,False,False,False,True,False,120,5,25.0,8.675447731087473,0.0,,-1,0.0,0.0,0,0,0,0,0,0,[],[],[]
197,101,fail,False,104.033821,30.693487,7.356459149526266,0.0,0.0,0.0,,,0.0,-0.5303936811700845,27.77315836616979,False,False,False,False,False,True,False,120,5,25.0,8.675447731087473,0.0,,-1,0.0,0.0,0,0,0,0,0,0,[],[],[]
198,101,fail,False,104.033821,30.693487,7.356459149526266,0.0,0.0,0.0,,,0.0,-0.5303936811700845,27.77315836616979,False,False,False,False,False,True,False,120,5,25.0,8.675447731087473,0.0,,-1,0.0,0.0,0,0,0,0,0,0,[],[],[]
199,101,fail,False,104.033821,30.693487,7.356459149526266,0.0,0.0,0.0,,,0.0,-0.5303936811700845,27.77315836616979,False,False,False,False,False,True,False,120,5,25.0,8.675447731087473,0.0,,-1,0.0,0.0,0,0,0,0,0,0,[],[],[]
200,101,fail,False,104.033821,30.693487,7.356459149526266,0.0,0.0,0.0,,,0.0,-0.5303936811700845,27.77315836616979,False,False,False,False,False,True,False,120,5,25.0,8.675447731087473,0.0,,-1,0.0,0.0,0,0,0,0,0,0,[],[],[]
