step,ev_id,state,is_agent,longitude,latitude,remain_kwh,remain_change_kwh,energy_used_kwh,moved_distance_km,action_target_longitude,action_target_latitude,reward,total_reward,need_power_kwh,need_charge,is_normal,is_quasi,is_iev,is_charged,fail_charge,arrived,track_index,wait_time_steps,total_wait_time_min,total_extra_dist_km,expense,charge_provider_type,charge_provider_id,charge_power_kwh,charge_time_remain_min,near_quasi_count,near_iev_count,near_idle_mcs_count,near_task_mcs_count,near_available_fcs_count,near_busy_fcs_count,obs_self,obs_tgt,obs_mask
0,381,quasi,False,104.102332,30.602196,72.9719667981118,0.0,0.0,0.0,,,0.0,0.0,8.362830116750999,False,False,True,False,False,False,False,0,0,0.0,0.0,0.0,,-1,0.0,0.0,22,0,2,1,0,0,[],[],[]
1,381,quasi,False,103.984287,30.578362,69.49020315319206,-3.481763644919738,3.481763644919738,11.60587881639912,,,0.0,0.0,8.362830116750999,False,False,True,False,False,False,False,1,0,0.0,0.0,0.0,,-1,0.0,0.0,21,0,0,0,0,0,[],[],[]
2,381,quasi,False,103.997311,30.574512,69.09471938921821,-0.3954837639738429,0.3954837639738429,1.3182792132461372,,,0.0,0.0,8.362830116750999,False,False,True,False,False,False,False,2,0,0.0,0.0,0.0,,-1,0.0,0.0,15,0,0,0,0,0,[],[],[]
3,381,quasi,False,104.02542108903307,30.586418334899683,68.19501658824126,-0.8997028009769537,0.8997028009769537,2.999009336589865,,,0.0,0.0,8.362830116750999,False,False,True,False,False,False,False,3,0,0.0,0.0,0.0,,-1,0.0,0.0,18,0,0,0,0,0,[],[],[]
4,381,quasi,False,104.027191,30.587168,68.1383710835551,-0.05664550468615914,0.05664550468615914,0.1888183489538707,,,0.0,0.0,8.362830116750999,False,False,True,False,False,False,False,4,0,0.0,0.0,0.0,,-1,0.0,0.0,15,0,0,0,0,0,[],[],[]
5,381,quasi,False,104.033209,30.586034,67.96146037045871,-0.17691071309639028,0.17691071309639028,0.5897023769879876,,,0.0,0.0,8.362830116750999,False,False,True,False,False,False,False,5,0,0.0,0.0,0.0,,-1,0.0,0.0,12,0,0,0,0,0,[],[],[]
6,381,quasi,False,104.035515,30.577935,67.68329190661252,-0.27816846384618543,0.27816846384618543,0.9272282128206276,,,0.0,0.0,8.362830116750999,False,False,True,False,False,False,False,6,0,0.0,0.0,0.0,,-1,0.0,0.0,12,0,0,0,0,0,[],[],[]
7,381,quasi,False,104.035581,30.577882,67.68069985821217,-0.0025920484003592037,0.0025920484003592037,0.008640161334542595,,,0.0,0.0,8.362830116750999,False,False,True,False,False,False,False,7,0,0.0,0.0,0.0,,-1,0.0,0.0,13,0,0,0,0,0,[],[],[]
8,381,quasi,False,104.035636,30.577855,67.67888153774567,-0.0018183204664978803,0.0018183204664978803,0.006061068221667297,,,0.0,0.0,8.362830116750999,False,False,True,False,False,False,False,8,0,0.0,0.0,0.0,,-1,0.0,0.0,16,0,0,0,0,0,[],[],[]
9,381,quasi,False,104.035687,30.577818,67.67696613874664,-0.0019153989990314813,0.0019153989990314813,0.006384663330085758,,,0.0,0.0,8.362830116750999,False,False,True,False,False,False,False,9,0,0.0,0.0,0.0,,-1,0.0,0.0,14,0,0,0,0,0,[],[],[]
10,381,quasi,False,104.035443,30.578041,67.66674635451335,-0.010219784233285623,0.010219784233285623,0.03406594744428971,,,0.0,0.0,8.362830116750999,False,False,True,False,False,False,False,10,0,0.0,0.0,0.0,,-1,0.0,0.0,15,0,0,0,0,0,[],[],[]
11,381,quasi,False,104.035499,30.578037,67.66513253393528,-0.0016138205780720227,0.0016138205780720227,0.005379401926920163,,,0.0,0.0,8.362830116750999,False,False,True,False,False,False,False,11,0,0.0,0.0,0.0,,-1,0.0,0.0,15,0,0,0,0,0,[],[],[]
12,381,quasi,False,104.035518,30.5780015,67.66382863646716,-0.0013038974681194304,0.0013038974681194304,0.004346324893714145,,,0.0,0.0,8.362830116750999,False,False,True,False,False,False,False,12,0,0.0,0.0,0.0,,-1,0.0,0.0,16,0,0,0,0,0,[],[],[]
13,381,quasi,False,104.035483,30.577993,67.66278422504598,-0.0010444114211765054,0.0010444114211765054,0.0034813714039014106,,,0.0,0.0,8.362830116750999,False,False,True,False,False,False,False,13,0,0.0,0.0,0.0,,-1,0.0,0.0,13,0,1,0,0,0,[],[],[]
14,381,quasi,False,104.035462,30.57801,67.66195637338255,-0.0008278516634305788,0.0008278516634305788,0.002759505544746439,,,0.0,0.0,8.362830116750999,False,False,True,False,False,False,False,14,0,0.0,0.0,0.0,,-1,0.0,0.0,10,0,1,0,0,0,[],[],[]
15,381,quasi,False,104.035491,30.5780345,67.66078948922016,-0.001166884162387305,0.001166884162387305,0.00388961387464486,,,0.0,0.0,8.362830116750999,False,False,True,False,False,False,False,15,0,0.0,0.0,0.0,,-1,0.0,0.0,14,0,0,0,0,0,[],[],[]
16,381,quasi,False,104.035514,30.578025,67.66005685352613,-0.0007326356940353662,0.0007326356940353662,0.002442118980139824,,,0.0,0.0,8.362830116750999,False,False,True,False,False,False,False,16,0,0.0,0.0,0.0,,-1,0.0,0.0,16,0,1,0,0,0,[],[],[]
17,381,quasi,False,104.035418,30.577974,67.65681712504153,-0.003239728484601301,0.003239728484601301,0.010799094948665721,,,0.0,0.0,8.362830116750999,False,False,True,False,False,False,False,17,0,0.0,0.0,0.0,,-1,0.0,0.0,11,0,0,0,0,0,[],[],[]
18,381,quasi,False,104.03536,30.577978,67.6551460542074,-0.0016710708341207692,0.0016710708341207692,0.005570236113757717,,,0.0,0.0,8.362830116750999,False,False,True,False,False,False,False,18,0,0.0,0.0,0.0,,-1,0.0,0.0,13,0,0,0,0,0,[],[],[]
19,381,quasi,False,104.035425,30.577977,67.65327898421474,-0.0018670699926701673,0.0018670699926701673,0.006223566642229633,,,0.0,0.0,8.362830116750999,False,False,True,False,False,False,False,19,0,0.0,0.0,0.0,,-1,0.0,0.0,17,0,0,0,0,0,[],[],[]
20,381,quasi,False,104.035364,30.577932,67.65097192358115,-0.0023070606335835464,0.0023070606335835464,0.0076902021119389435,,,0.0,0.0,8.362830116750999,False,False,True,False,False,False,False,20,0,0.0,0.0,0.0,,-1,0.0,0.0,16,0,0,0,0,0,[],[],[]
21,381,quasi,False,104.035159,30.577908,67.64503022351695,-0.005941700064198585,0.005941700064198585,0.019805666880677253,,,0.0,0.0,8.362830116750999,False,False,True,False,False,False,False,21,0,0.0,0.0,0.0,,-1,0.0,0.0,16,0,1,0,0,0,[],[],[]
22,381,quasi,False,104.056259,30.575396,67.03327278364497,-0.6117574398719796,0.6117574398719796,2.0391914662399504,,,0.0,0.0,8.362830116750999,False,False,True,False,False,False,False,22,0,0.0,0.0,0.0,,-1,0.0,0.0,12,0,0,0,0,0,[],[],[]
23,381,quasi,False,104.068037,30.575704,66.69484923640874,-0.338423547236232,0.338423547236232,1.1280784907874417,,,0.0,0.0,8.362830116750999,False,False,True,False,False,False,False,23,0,0.0,0.0,0.0,,-1,0.0,0.0,14,0,1,0,0,0,[],[],[]
24,381,quasi,False,104.075008,30.590631,66.158170904392,-0.5366783320167485,0.5366783320167485,1.7889277733891753,,,0.0,0.0,8.362830116750999,False,False,True,False,False,False,False,24,0,0.0,0.0,0.0,,-1,0.0,0.0,24,0,2,1,0,0,[],[],[]
25,381,quasi,False,104.067452,30.602537,65.7056071152438,-0.4525637891482006,0.4525637891482006,1.508545963827352,,,0.0,0.0,8.362830116750999,False,False,True,False,False,False,False,25,0,0.0,0.0,0.0,,-1,0.0,0.0,40,0,0,3,0,0,[],[],[]
26,381,quasi,False,104.060452,30.611764,65.33800465710684,-0.36760245813695747,0.36760245813695747,1.2253415271232124,,,0.0,0.0,8.362830116750999,False,False,True,False,False,False,False,26,0,0.0,0.0,0.0,,-1,0.0,0.0,51,0,1,3,0,0,[],[],[]
27,381,quasi,False,104.058722,30.635345,64.54981232589681,-0.788192331210027,0.788192331210027,2.6273077707001122,,,0.0,0.0,8.362830116750999,False,False,True,False,False,False,False,27,0,0.0,0.0,0.0,,-1,0.0,0.0,76,0,3,2,1,0,[],[],[]
28,381,quasi,False,104.066228,30.641573,64.25052177974163,-0.29929054615517714,0.29929054615517714,0.9976351538506012,,,0.0,0.0,8.362830116750999,False,False,True,False,False,False,False,28,0,0.0,0.0,0.0,,-1,0.0,0.0,75,0,4,2,1,0,[],[],[]
29,381,quasi,False,104.06716906731022,30.614614504831195,63.350821793174305,-0.8996999865673274,0.8996999865673274,2.9989999552244186,,,0.0,0.0,8.362830116750999,False,False,True,False,False,False,False,29,0,0.0,0.0,0.0,,-1,0.0,0.0,41,0,1,3,1,0,[],[],[]
30,381,quasi,False,104.067281,30.611408,63.24380941207515,-0.10701238109915323,0.10701238109915323,0.35670793699718134,,,0.0,0.0,8.362830116750999,False,False,True,False,False,False,False,30,0,0.0,0.0,0.0,,-1,0.0,0.0,34,0,2,2,0,0,[],[],[]
31,381,quasi,False,104.06780306671354,30.584441089180714,62.34410941985774,-0.899699992217414,0.899699992217414,2.998999974058047,,,0.0,0.0,8.362830116750999,False,False,True,False,False,False,False,31,0,0.0,0.0,0.0,,-1,0.0,0.0,12,0,0,1,0,0,[],[],[]
32,381,quasi,False,104.06792,30.578401,62.1425932550197,-0.2015161648380399,0.2015161648380399,0.6717205494601215,,,0.0,0.0,8.362830116750999,False,False,True,False,False,False,False,32,0,0.0,0.0,0.0,,-1,0.0,0.0,12,0,0,0,0,0,[],[],[]
33,381,quasi,False,104.0689188148531,30.551444061788974,61.2428932887524,-0.8996999662672991,0.8996999662672991,2.998999887557671,,,0.0,0.0,8.362830116750999,False,False,True,False,False,False,False,33,0,0.0,0.0,0.0,,-1,0.0,0.0,6,0,0,0,0,0,[],[],[]
34,381,quasi,False,104.069184,30.544287,61.004023082099735,-0.23887020665266334,0.23887020665266334,0.7962340221755403,,,0.0,0.0,8.362830116750999,False,False,True,False,False,False,False,34,0,0.0,0.0,0.0,,-1,0.0,0.0,4,0,0,0,0,0,[],[],[]
35,381,quasi,False,104.06317041568205,30.517818443758976,60.104323809884015,-0.8996992722157202,0.8996992722157202,2.9989975740523973,,,0.0,0.0,8.362830116750999,False,False,True,False,False,False,False,35,0,0.0,0.0,0.0,,-1,0.0,0.0,0,0,0,0,0,0,[],[],[]
36,381,quasi,False,104.062202,30.513556,59.95943717970577,-0.14488663017824166,0.14488663017824166,0.4829554339274724,,,0.0,0.0,8.362830116750999,False,False,True,False,False,False,False,36,0,0.0,0.0,0.0,,-1,0.0,0.0,0,0,0,0,0,0,[],[],[]
37,381,quasi,False,104.06882,30.518683,59.70365978067579,-0.25577739902998076,0.25577739902998076,0.8525913300999265,,,0.0,0.0,8.362830116750999,False,False,True,False,False,False,False,37,0,0.0,0.0,0.0,,-1,0.0,0.0,0,0,0,0,0,0,[],[],[]
38,381,quasi,False,104.069793,30.537764,59.06653292826882,-0.637126852406972,0.637126852406972,2.1237561746899183,,,0.0,0.0,8.362830116750999,False,False,True,False,False,False,False,38,0,0.0,0.0,0.0,,-1,0.0,0.0,4,0,0,0,0,0,[],[],[]
39,381,quasi,False,104.069398,30.550766,58.63265756418147,-0.43387536408734917,0.43387536408734917,1.4462512136244992,,,0.0,0.0,8.362830116750999,False,False,True,False,False,False,False,39,0,0.0,0.0,0.0,,-1,0.0,0.0,4,0,0,0,0,0,[],[],[]
40,381,quasi,False,104.068597,30.555061,58.48754690361895,-0.14511066056252275,0.14511066056252275,0.4837022018750691,,,0.0,0.0,8.362830116750999,False,False,True,False,False,False,False,40,0,0.0,0.0,0.0,,-1,0.0,0.0,6,0,0,0,0,0,[],[],[]
41,381,quasi,False,104.047015,30.551289,57.854922880038906,-0.6326240235800427,0.6326240235800427,2.1087467452668003,,,0.0,0.0,8.362830116750999,False,False,True,False,False,False,False,41,0,0.0,0.0,0.0,,-1,0.0,0.0,1,0,0,0,0,0,[],[],[]
42,381,quasi,False,104.056253,30.551173,57.58951014252784,-0.2654127375110633,0.2654127375110633,0.8847091250368834,,,0.0,0.0,8.362830116750999,False,False,True,False,False,False,False,42,0,0.0,0.0,0.0,,-1,0.0,0.0,3,0,0,0,0,0,[],[],[]
43,381,quasi,False,104.069305,30.555791,57.184154633869205,-0.4053555086586371,0.4053555086586371,1.351185028862127,,,0.0,0.0,8.362830116750999,False,False,True,False,False,False,False,43,0,0.0,0.0,0.0,,-1,0.0,0.0,5,0,0,0,0,0,[],[],[]
44,381,quasi,False,104.068599,30.555573,57.16260956578863,-0.021545068080577323,0.021545068080577323,0.07181689360193602,,,0.0,0.0,8.362830116750999,False,False,True,False,False,False,False,44,0,0.0,0.0,0.0,,-1,0.0,0.0,5,0,0,0,0,0,[],[],[]
45,381,quasi,False,104.05692,30.551345,56.79866884326269,-0.363940722525939,0.363940722525939,1.213135741753141,,,0.0,0.0,8.362830116750999,False,False,True,False,False,False,False,45,0,0.0,0.0,0.0,,-1,0.0,0.0,3,0,0,0,0,0,[],[],[]
46,381,quasi,False,104.053491,30.551197,56.70003868716297,-0.09863015609971626,0.09863015609971626,0.3287671869990499,,,0.0,0.0,8.362830116750999,False,False,True,False,False,False,False,46,0,0.0,0.0,0.0,,-1,0.0,0.0,5,1,0,0,0,0,[],[],[]
47,381,quasi,False,104.069317,30.55523,56.225918674104804,-0.47412001305816887,0.47412001305816887,1.5804000435272334,,,0.0,0.0,8.362830116750999,False,False,True,False,False,False,False,47,0,0.0,0.0,0.0,,-1,0.0,0.0,8,1,0,0,0,0,[],[],[]
48,381,quasi,False,104.046205,30.550463,55.54320216736908,-0.6827165067357228,0.6827165067357228,2.275721689119076,,,0.0,0.0,8.362830116750999,False,False,True,False,False,False,False,48,0,0.0,0.0,0.0,,-1,0.0,0.0,4,0,0,0,0,0,[],[],[]
49,381,quasi,False,104.056779,30.545668,55.1998887389957,-0.34331342837337786,0.34331342837337786,1.1443780945779212,,,0.0,0.0,8.362830116750999,False,False,True,False,False,False,False,49,0,0.0,0.0,0.0,,-1,0.0,0.0,4,0,0,0,0,0,[],[],[]
50,381,quasi,False,104.069429,30.549591,54.81362838514207,-0.3862603538536362,0.3862603538536362,1.287534512845449,,,0.0,0.0,8.362830116750999,False,False,True,False,False,False,False,50,0,0.0,0.0,0.0,,-1,0.0,0.0,4,0,0,0,0,0,[],[],[]
51,381,quasi,False,104.068589,30.5550315,54.63054437461023,-0.18308401053183587,0.18308401053183587,0.6102800351061262,,,0.0,0.0,8.362830116750999,False,False,True,False,False,False,False,51,0,0.0,0.0,0.0,,-1,0.0,0.0,4,0,0,0,0,0,[],[],[]
52,381,quasi,False,104.057184,30.551362,54.2807936083553,-0.3497507662549282,0.3497507662549282,1.1658358875164294,,,0.0,0.0,8.362830116750999,False,False,True,False,False,False,False,52,0,0.0,0.0,0.0,,-1,0.0,0.0,4,0,0,0,0,0,[],[],[]
53,381,quasi,False,104.046198,30.54246,53.84743936881178,-0.4333542395435259,0.4333542395435259,1.4445141318117578,,,0.0,0.0,8.362830116750999,False,False,True,False,False,False,False,53,0,0.0,0.0,0.0,,-1,0.0,0.0,2,1,0,0,0,0,[],[],[]
54,381,quasi,False,104.04248653839264,30.515679500324417,52.94773973602896,-0.89969963278282,0.89969963278282,2.9989987759427317,,,0.0,0.0,8.362830116750999,False,False,True,False,False,False,False,54,0,0.0,0.0,0.0,,-1,0.0,0.0,1,1,0,0,0,0,[],[],[]
55,381,quasi,False,104.041704,30.510033,52.758043268787404,-0.18969646724155353,0.18969646724155353,0.6323215574718349,,,0.0,0.0,8.362830116750999,False,False,True,False,False,False,False,55,0,0.0,0.0,0.0,,-1,0.0,0.0,1,0,0,0,0,0,[],[],[]
56,381,quasi,False,104.041645,30.510994,52.725940958819365,-0.03210230996803887,0.03210230996803887,0.1070076998934715,,,0.0,0.0,8.362830116750999,False,False,True,False,False,False,False,56,0,0.0,0.0,0.0,,-1,0.0,0.0,1,0,0,0,0,0,[],[],[]
57,381,quasi,False,104.0572572358818,30.534372732356367,51.82622881246376,-0.8997121463556041,0.8997121463556041,2.9990404878520116,,,0.0,0.0,8.362830116750999,False,False,True,False,False,False,False,57,0,0.0,0.0,0.0,,-1,0.0,0.0,2,0,0,0,0,0,[],[],[]
58,381,quasi,False,104.064302,30.544922,51.42026615849705,-0.4059626539667107,0.4059626539667107,1.3532088465557004,,,0.0,0.0,8.362830116750999,False,False,True,False,False,False,False,58,0,0.0,0.0,0.0,,-1,0.0,0.0,1,0,0,0,0,0,[],[],[]
59,381,quasi,False,104.068534,30.555452,51.04855703450725,-0.3717091239898025,0.3717091239898025,1.2390304132993495,,,0.0,0.0,8.362830116750999,False,False,True,False,False,False,False,59,0,0.0,0.0,0.0,,-1,0.0,0.0,3,0,0,0,0,0,[],[],[]
60,381,quasi,False,104.068548,30.555331,51.04450067300161,-0.004056361505639927,0.004056361505639927,0.013521205018801939,,,0.0,0.0,8.362830116750999,False,False,True,False,False,False,False,60,0,0.0,0.0,0.0,,-1,0.0,0.0,3,0,0,0,0,0,[],[],[]
61,381,quasi,False,104.06943512898098,30.528371169595406,50.14480067648853,-0.8996999965130783,0.8996999965130783,2.9989999883769203,,,0.0,0.0,8.362830116750999,False,False,True,False,False,False,False,61,0,0.0,0.0,0.0,,-1,0.0,0.0,0,0,0,0,0,0,[],[],[]
62,381,quasi,False,104.069466,30.527433,50.11349219767567,-0.031308478812860585,0.031308478812860585,0.10436159604287364,,,0.0,0.0,8.362830116750999,False,False,True,False,False,False,False,62,0,0.0,0.0,0.0,,-1,0.0,0.0,0,0,0,0,0,0,[],[],[]
63,381,quasi,False,104.076413,30.523293,49.87075346790875,-0.2427387297669199,0.2427387297669199,0.8091290992230666,,,0.0,0.0,8.362830116750999,False,False,True,False,False,False,False,63,0,0.0,0.0,0.0,,-1,0.0,0.0,2,0,0,0,0,0,[],[],[]
64,381,quasi,False,104.069623,30.545111,49.11724389228986,-0.7535095756188852,0.7535095756188852,2.511698585396283,,,0.0,0.0,8.362830116750999,False,False,True,False,False,False,False,64,0,0.0,0.0,0.0,,-1,0.0,0.0,3,0,0,0,0,0,[],[],[]
65,381,quasi,False,104.068558,30.555253,48.777541637136515,-0.3397022551533482,0.3397022551533482,1.1323408505111714,,,0.0,0.0,8.362830116750999,False,False,True,False,False,False,False,65,0,0.0,0.0,0.0,,-1,0.0,0.0,1,1,0,0,0,0,[],[],[]
66,381,quasi,False,104.068671,30.553032,48.70338137986276,-0.07416025727375342,0.07416025727375342,0.24720085757917182,,,0.0,0.0,8.362830116750999,False,False,True,False,False,False,False,66,0,0.0,0.0,0.0,,-1,0.0,0.0,2,1,0,0,0,0,[],[],[]
67,381,quasi,False,104.06974296894131,30.526077152481918,47.80368138491574,-0.8996999949470208,0.8996999949470208,2.99899998315673,,,0.0,0.0,8.362830116750999,False,False,True,False,False,False,False,67,0,0.0,0.0,0.0,,-1,0.0,0.0,0,0,0,0,0,0,[],[],[]
68,381,quasi,False,104.06978,30.525146,47.772601334336315,-0.0310800505794262,0.0310800505794262,0.10360016859809196,,,0.0,0.0,8.362830116750999,False,False,True,False,False,False,False,68,0,0.0,0.0,0.0,,-1,0.0,0.0,0,0,0,0,0,0,[],[],[]
69,381,quasi,False,104.070015,30.507105,47.170743142003,-0.6018581923333173,0.6018581923333173,2.0061939744443813,,,0.0,0.0,8.362830116750999,False,False,True,False,False,False,False,69,0,0.0,0.0,0.0,,-1,0.0,0.0,0,0,0,0,0,0,[],[],[]
70,381,quasi,False,104.079424,30.496322,46.7207184350641,-0.4500247069388976,0.4500247069388976,1.500082356462994,,,0.0,0.0,8.362830116750999,False,False,True,False,False,False,False,70,0,0.0,0.0,0.0,,-1,0.0,0.0,0,0,0,0,0,0,[],[],[]
71,381,quasi,False,104.073564,30.487451,46.38021222590622,-0.3405062091578799,0.3405062091578799,1.1350206971929375,,,0.0,0.0,8.362830116750999,False,False,True,False,False,False,False,71,0,0.0,0.0,0.0,,-1,0.0,0.0,0,0,0,0,0,0,[],[],[]
72,381,quasi,False,104.071139,30.493424,46.16912028428287,-0.21109194162335143,0.21109194162335143,0.70363980541117,,,0.0,0.0,8.362830116750999,False,False,True,False,False,False,False,72,0,0.0,0.0,0.0,,-1,0.0,0.0,0,0,0,0,0,0,[],[],[]
73,381,quasi,False,104.07029311891833,30.52038480736691,45.26942026510045,-0.8997000191824185,0.8997000191824185,2.99900006394139,,,0.0,0.0,8.362830116750999,False,False,True,False,False,False,False,73,0,0.0,0.0,0.0,,-1,0.0,0.0,0,1,0,0,0,0,[],[],[]
74,381,quasi,False,104.070115,30.526062,45.079968605679454,-0.18945165942099607,0.18945165942099607,0.6315055314033197,,,0.0,0.0,8.362830116750999,False,False,True,False,False,False,False,74,0,0.0,0.0,0.0,,-1,0.0,0.0,0,0,0,0,0,0,[],[],[]
75,381,quasi,False,104.069572,30.545912,44.41761904764395,-0.6623495580355012,0.6623495580355012,2.2078318601183473,,,0.0,0.0,8.362830116750999,False,False,True,False,False,False,False,75,0,0.0,0.0,0.0,,-1,0.0,0.0,3,0,0,0,0,0,[],[],[]
76,381,quasi,False,104.068715,30.566633,43.725959769808846,-0.6916592778351074,0.6916592778351074,2.305530926117031,,,0.0,0.0,8.362830116750999,False,False,True,False,False,False,False,76,0,0.0,0.0,0.0,,-1,0.0,0.0,3,0,0,0,0,0,[],[],[]
77,381,quasi,False,104.065956,30.569447,43.603112083909735,-0.1228476858991101,0.1228476858991101,0.40949228633036655,,,0.0,0.0,8.362830116750999,False,False,True,False,False,False,False,77,0,0.0,0.0,0.0,,-1,0.0,0.0,2,0,0,0,0,0,[],[],[]
78,381,quasi,False,104.06847,30.558407,43.227821686018316,-0.37529039789141905,0.37529039789141905,1.2509679929714077,,,0.0,0.0,8.362830116750999,False,False,True,False,False,False,False,78,0,0.0,0.0,0.0,,-1,0.0,0.0,1,0,0,0,0,0,[],[],[]
79,381,quasi,False,104.068588,30.555431,43.12848900426317,-0.09933268175514343,0.09933268175514343,0.33110893918381157,,,0.0,0.0,8.362830116750999,False,False,True,False,False,False,False,79,0,0.0,0.0,0.0,,-1,0.0,0.0,1,0,0,0,0,0,[],[],[]
80,381,quasi,False,104.06858,30.555366,43.126308558854845,-0.002180445408328069,0.002180445408328069,0.007268151361089792,,,0.0,0.0,8.362830116750999,False,False,True,False,False,False,False,80,0,0.0,0.0,0.0,,-1,0.0,0.0,0,0,0,0,0,0,[],[],[]
81,381,quasi,False,104.068539,30.555354,43.12506461357855,-0.0012439452762933456,0.0012439452762933456,0.0041464842543071185,,,0.0,0.0,8.362830116750999,False,False,True,False,False,False,False,81,0,0.0,0.0,0.0,,-1,0.0,0.0,0,0,0,0,0,0,[],[],[]
82,381,quasi,False,104.06873,30.551979,43.01234613000849,-0.1127184835700632,0.1127184835700632,0.37572827856688445,,,0.0,0.0,8.362830116750999,False,False,True,False,False,False,False,82,0,0.0,0.0,0.0,,-1,0.0,0.0,1,0,0,0,0,0,[],[],[]
83,381,quasi,False,104.069463,30.527442,42.193558275611586,-0.818787854396902,0.818787854396902,2.7292928479896674,,,0.0,0.0,8.362830116750999,False,False,True,False,False,False,False,83,0,0.0,0.0,0.0,,-1,0.0,0.0,1,0,0,0,0,0,[],[],[]
84,381,quasi,False,104.070426,30.516378,41.82344409220248,-0.3701141834091075,0.3701141834091075,1.2337139446970198,,,0.0,0.0,8.362830116750999,False,False,True,False,False,False,False,84,0,0.0,0.0,0.0,,-1,0.0,0.0,1,0,0,0,0,0,[],[],[]
85,381,quasi,False,104.070073,30.529008,41.40200442027888,-0.42143967192360066,0.42143967192360066,1.4047989064119966,,,0.0,0.0,8.362830116750999,False,False,True,False,False,False,False,85,0,0.0,0.0,0.0,,-1,0.0,0.0,1,0,0,0,0,0,[],[],[]
86,381,quasi,False,104.069423,30.55007,40.699160006906006,-0.7028444133728726,0.7028444133728726,2.3428147112428976,,,0.0,0.0,8.362830116750999,False,False,True,False,False,False,False,86,0,0.0,0.0,0.0,,-1,0.0,0.0,2,0,0,0,0,0,[],[],[]
87,381,quasi,False,104.068575,30.554986,40.533370232621536,-0.16578977428446962,0.16578977428446962,0.5526325809482371,,,0.0,0.0,8.362830116750999,False,False,True,False,False,False,False,87,0,0.0,0.0,0.0,,-1,0.0,0.0,2,0,0,0,0,0,[],[],[]
88,381,quasi,False,104.068519,30.554904,40.530196869905396,-0.0031733627161401046,0.0031733627161401046,0.010577875720467794,,,0.0,0.0,8.362830116750999,False,False,True,False,False,False,False,88,0,0.0,0.0,0.0,,-1,0.0,0.0,2,0,0,0,0,0,[],[],[]
89,381,quasi,False,104.068574,30.554918,40.5285493400986,-0.0016475298067959443,0.0016475298067959443,0.005491766022657771,,,0.0,0.0,8.362830116750999,False,False,True,False,False,False,False,89,0,0.0,0.0,0.0,,-1,0.0,0.0,3,0,0,0,0,0,[],[],[]
90,381,quasi,False,104.068558,30.554923,40.528060389810946,-0.0004889502876537222,0.0004889502876537222,0.001629834292173017,,,0.0,0.0,8.362830116750999,False,False,True,False,False,False,False,90,0,0.0,0.0,0.0,,-1,0.0,0.0,4,0,0,0,0,0,[],[],[]
91,381,quasi,False,104.069224,30.541358,40.075148319400625,-0.45291207041032067,0.45291207041032067,1.5097069013677429,,,0.0,0.0,8.362830116750999,False,False,True,False,False,False,False,91,0,0.0,0.0,0.0,,-1,0.0,0.0,2,0,0,0,0,0,[],[],[]
92,381,quasi,False,104.07001514310595,30.514395956104494,39.1754483242203,-0.8996999951803275,0.8996999951803275,2.9989999839344175,,,0.0,0.0,8.362830116750999,False,False,True,False,False,False,False,92,0,0.0,0.0,0.0,,-1,0.0,0.0,1,0,0,0,0,0,[],[],[]
93,381,quasi,False,104.070063,30.512765,39.12102472996745,-0.05442359425284593,0.05442359425284593,0.18141198084283094,,,0.0,0.0,8.362830116750999,False,False,True,False,False,False,False,93,0,0.0,0.0,0.0,,-1,0.0,0.0,1,0,0,0,0,0,[],[],[]
94,381,quasi,False,104.07033876671501,30.48579539174601,38.22132473057219,-0.8996999993952599,0.8996999993952599,2.9989999979842064,,,0.0,0.0,8.362830116750999,False,False,True,False,False,False,False,94,0,0.0,0.0,0.0,,-1,0.0,0.0,0,0,0,0,0,0,[],[],[]
95,381,quasi,False,104.070356,30.48411,38.1651004444825,-0.05622428608969443,0.05622428608969443,0.18741428696564516,,,0.0,0.0,8.362830116750999,False,False,True,False,False,False,False,95,0,0.0,0.0,0.0,,-1,0.0,0.0,0,0,0,0,0,0,[],[],[]
96,381,quasi,False,104.070711,30.487648,38.04663776441519,-0.11846268006731009,0.11846268006731009,0.39487560022437557,,,0.0,0.0,8.362830116750999,False,False,True,False,False,False,False,96,0,0.0,0.0,0.0,,-1,0.0,0.0,0,0,0,0,0,0,[],[],[]
97,381,quasi,False,104.067411,30.489806,37.92755394962006,-0.11908381479512542,0.11908381479512542,0.3969460493170852,,,0.0,0.0,8.362830116750999,False,False,True,False,False,False,False,97,0,0.0,0.0,0.0,,-1,0.0,0.0,1,0,0,0,0,0,[],[],[]
98,381,quasi,False,104.067383,30.48973,37.924894007292124,-0.0026599423279378698,0.0026599423279378698,0.008866474426456581,,,0.0,0.0,8.362830116750999,False,False,True,False,False,False,False,98,0,0.0,0.0,0.0,,-1,0.0,0.0,1,0,0,0,0,0,[],[],[]
99,381,quasi,False,104.069559,30.500376,37.56429373208764,-0.360600275204483,0.360600275204483,1.202000917348265,,,0.0,0.0,8.362830116750999,False,False,True,False,False,False,False,99,0,0.0,0.0,0.0,,-1,0.0,0.0,1,0,0,0,0,0,[],[],[]
100,381,quasi,False,104.069564,30.500379,37.56411860809647,-0.00017512399116981214,0.00017512399116981214,0.000583746637228071,,,0.0,0.0,8.362830116750999,False,False,True,False,False,False,False,100,0,0.0,0.0,0.0,,-1,0.0,0.0,1,0,0,0,0,0,[],[],[]
101,381,quasi,False,104.069565,30.500387,37.563850196904134,-0.00026841119233722566,0.00026841119233722566,0.0008947039744577515,,,0.0,0.0,8.362830116750999,False,False,True,False,False,False,False,101,0,0.0,0.0,0.0,,-1,0.0,0.0,0,0,0,0,0,0,[],[],[]
102,381,quasi,False,104.071206,30.492559,37.298494173146366,-0.2653560237577679,0.2653560237577679,0.8845200791925705,,,0.0,0.0,8.362830116750999,False,False,True,False,False,False,False,102,0,0.0,0.0,0.0,,-1,0.0,0.0,0,0,0,0,0,0,[],[],[]
103,381,quasi,False,104.070761,30.505157,36.8780494663803,-0.4204447067660695,0.4204447067660695,1.4014823558869032,,,0.0,0.0,8.362830116750999,False,False,True,False,False,False,False,103,0,0.0,0.0,0.0,,-1,0.0,0.0,0,0,0,0,0,0,[],[],[]
104,381,quasi,False,104.06995375815328,30.532118688409327,35.978349461676466,-0.8997000047038313,0.8997000047038313,2.9990000156794263,,,0.0,0.0,8.362830116750999,False,False,True,False,False,False,False,104,0,0.0,0.0,0.0,,-1,0.0,0.0,0,0,0,0,0,0,[],[],[]
105,381,quasi,False,104.069908,30.533647,35.927350362863876,-0.05099909881258924,0.05099909881258924,0.1699969960419658,,,0.0,0.0,8.362830116750999,False,False,True,False,False,False,False,105,0,0.0,0.0,0.0,,-1,0.0,0.0,0,0,0,0,0,0,[],[],[]
106,381,quasi,False,104.069489,30.54819,35.44206868346837,-0.4852816793955057,0.4852816793955057,1.6176055979850128,,,0.0,0.0,8.362830116750999,False,False,True,False,False,False,False,106,0,0.0,0.0,0.0,,-1,0.0,0.0,0,0,0,0,0,0,[],[],[]
107,381,quasi,False,104.068607,30.554656,35.22488967205419,-0.2171790114141814,0.2171790114141814,0.7239300380472704,,,0.0,0.0,8.362830116750999,False,False,True,False,False,False,False,107,0,0.0,0.0,0.0,,-1,0.0,0.0,0,0,0,0,0,0,[],[],[]
108,381,quasi,False,104.0686225,30.5546565,35.22444409942502,-0.0004455726291681117,0.0004455726291681117,0.0014852420972346213,,,0.0,0.0,8.362830116750999,False,False,True,False,False,False,False,108,0,0.0,0.0,0.0,,-1,0.0,0.0,0,0,0,0,0,0,[],[],[]
109,381,quasi,False,104.070928,30.551397,35.09712932661397,-0.1273147728110544,0.1273147728110544,0.42438257603684126,,,0.0,0.0,8.362830116750999,False,False,True,False,False,False,False,109,0,0.0,0.0,0.0,,-1,0.0,0.0,0,0,0,0,0,0,[],[],[]
110,381,quasi,False,104.077924,30.542973,34.75163986935256,-0.345489457261408,0.345489457261408,1.1516315242046915,,,0.0,0.0,8.362830116750999,False,False,True,False,False,False,False,110,0,0.0,0.0,0.0,,-1,0.0,0.0,0,0,0,0,0,0,[],[],[]
111,381,quasi,False,104.075174,30.551519,34.455813742305715,-0.2958261270468441,0.2958261270468441,0.9860870901561531,,,0.0,0.0,8.362830116750999,False,False,True,False,False,False,False,111,0,0.0,0.0,0.0,,-1,0.0,0.0,0,0,0,0,0,0,[],[],[]
112,381,quasi,False,104.069032,30.549366,34.26531098959756,-0.19050275270815575,0.19050275270815575,0.635009175693856,,,0.0,0.0,8.362830116750999,False,False,True,False,False,False,False,112,0,0.0,0.0,0.0,,-1,0.0,0.0,1,0,0,0,0,0,[],[],[]
113,381,quasi,False,104.06979889796665,30.522403435134983,33.36561099878555,-0.8996999908120102,0.8996999908120102,2.9989999693733562,,,0.0,0.0,8.362830116750999,False,False,True,False,False,False,False,113,0,0.0,0.0,0.0,,-1,0.0,0.0,0,0,0,0,0,0,[],[],[]
114,381,quasi,False,104.069893,30.519095,33.2552135142119,-0.11039748457364595,0.11039748457364595,0.3679916152454866,,,0.0,0.0,8.362830116750999,False,False,True,False,False,False,False,114,0,0.0,0.0,0.0,,-1,0.0,0.0,0,0,0,0,0,0,[],[],[]
115,381,quasi,False,104.07045623583976,30.492128711382534,32.35551352530448,-0.8996999889074218,0.8996999889074218,2.9989999630247404,,,0.0,0.0,8.362830116750999,False,False,True,False,False,False,False,115,0,0.0,0.0,0.0,,-1,0.0,0.0,0,0,0,0,0,0,[],[],[]
116,381,quasi,False,104.070611,30.484719,32.10829679760917,-0.2472167276953101,0.2472167276953101,0.8240557589843729,,,0.0,0.0,8.362830116750999,False,False,True,False,False,False,False,116,0,0.0,0.0,0.0,,-1,0.0,0.0,0,0,0,0,0,0,[],[],[]
117,381,quasi,False,104.071223,30.492779,31.838852526781046,-0.2694442708281244,0.2694442708281244,0.8981475694270771,,,0.0,0.0,8.362830116750999,False,False,True,False,False,False,False,117,0,0.0,0.0,0.0,,-1,0.0,0.0,0,0,0,0,0,0,[],[],[]
118,381,quasi,False,104.071078,30.496033,31.73022405128185,-0.10862847549919508,0.10862847549919508,0.36209491833065044,,,0.0,0.0,8.362830116750999,False,False,True,False,False,False,False,118,0,0.0,0.0,0.0,,-1,0.0,0.0,0,0,0,0,0,0,[],[],[]
119,381,quasi,False,104.07014254859926,30.522991611065816,30.83052404502385,-0.8997000062580014,0.8997000062580014,2.999000020859999,,,0.0,0.0,8.362830116750999,False,False,True,False,False,False,False,119,0,0.0,0.0,0.0,,-1,0.0,0.0,0,0,0,0,0,0,[],[],[]
120,381,quasi,False,104.07009,30.524506,30.779983772303552,-0.05054027272029771,0.05054027272029771,0.16846757573432744,,,0.0,0.0,8.362830116750999,False,False,True,False,False,False,False,120,0,0.0,0.0,0.0,,-1,0.0,0.0,0,0,0,0,0,0,[],[],[]
121,381,quasi,False,104.06953,30.546353,30.05102350817553,-0.7289602641280233,0.7289602641280233,2.4298675470934152,,,0.0,0.0,8.362830116750999,False,False,True,False,False,False,False,121,0,0.0,0.0,0.0,,-1,0.0,0.0,0,0,0,0,0,0,[],[],[]
122,381,quasi,False,104.069286,30.55539,29.74948146106048,-0.30154204711504917,0.30154204711504917,1.0051401570501595,,,0.0,0.0,8.362830116750999,False,False,True,False,False,False,False,122,0,0.0,0.0,0.0,,-1,0.0,0.0,0,0,0,0,0,0,[],[],[]
123,381,quasi,False,104.068616,30.554955,29.72537751376308,-0.024103947297401618,0.024103947297401618,0.08034649099134006,,,0.0,0.0,8.362830116750999,False,False,True,False,False,False,False,123,0,0.0,0.0,0.0,,-1,0.0,0.0,1,0,0,0,0,0,[],[],[]
124,381,quasi,False,104.056832,30.5312,28.86365566013529,-0.8617218536277882,0.8617218536277882,2.872406178759298,,,0.0,0.0,8.362830116750999,False,False,True,False,False,False,False,124,0,0.0,0.0,0.0,,-1,0.0,0.0,0,0,0,0,0,0,[],[],[]
125,381,quasi,False,104.051219,30.520589,28.474673923196857,-0.3889817369384332,0.3889817369384332,1.296605789794772,,,0.0,0.0,8.362830116750999,False,False,True,False,False,False,False,125,0,0.0,0.0,0.0,,-1,0.0,0.0,0,0,0,0,0,0,[],[],[]
126,381,quasi,False,104.056906,30.541631,27.753975425653593,-0.720698497543264,0.720698497543264,2.4023283251442136,,,0.0,0.0,8.362830116750999,False,False,True,False,False,False,False,126,0,0.0,0.0,0.0,,-1,0.0,0.0,1,0,0,0,0,0,[],[],[]
127,381,quasi,False,104.068654,30.555181,27.189868034616115,-0.5641073910374779,0.5641073910374779,1.8803579701249302,,,0.0,0.0,8.362830116750999,False,False,True,False,False,False,False,127,0,0.0,0.0,0.0,,-1,0.0,0.0,1,0,0,0,0,0,[],[],[]
128,381,quasi,False,104.057507,30.551452,26.84633689245911,-0.34353114215700487,0.34353114215700487,1.1451038071900181,,,0.0,0.0,8.362830116750999,False,False,True,False,False,False,False,128,0,0.0,0.0,0.0,,-1,0.0,0.0,1,0,0,0,0,0,[],[],[]
129,381,quasi,False,104.046269,30.541586,26.3853032965747,-0.46103359588440895,0.46103359588440895,1.5367786529480272,,,0.0,0.0,8.362830116750999,False,False,True,False,False,False,False,129,0,0.0,0.0,0.0,,-1,0.0,0.0,0,0,0,0,0,0,[],[],[]
130,381,quasi,False,104.0399658397018,30.515167505905904,25.48560391360492,-0.8996993829697821,0.8996993829697821,2.9989979432326037,,,0.0,0.0,8.362830116750999,False,False,True,False,False,False,False,130,0,0.0,0.0,0.0,,-1,0.0,0.0,0,0,0,0,0,0,[],[],[]
131,381,quasi,False,104.039181,30.511878,25.37357690862135,-0.11202700498357032,0.11202700498357032,0.3734233499452337,,,0.0,0.0,8.362830116750999,False,False,True,False,False,False,False,131,0,0.0,0.0,0.0,,-1,0.0,0.0,0,0,0,0,0,0,[],[],[]
132,381,quasi,False,104.04563197485406,30.538270010105226,24.47387612445378,-0.8997007841675675,0.8997007841675675,2.9990026138918973,,,0.0,0.0,8.362830116750999,False,False,True,False,False,False,False,132,0,0.0,0.0,0.0,,-1,0.0,0.0,1,0,0,0,0,0,[],[],[]
133,381,quasi,False,104.046607,30.542259,24.337892790682023,-0.1359833337717582,0.1359833337717582,0.45327777923919255,,,0.0,0.0,8.362830116750999,False,False,True,False,False,False,False,133,0,0.0,0.0,0.0,,-1,0.0,0.0,1,0,0,0,0,0,[],[],[]
134,381,quasi,False,104.06322,30.542604,23.86046105629297,-0.47743173438905373,0.47743173438905373,1.5914391146301838,,,0.0,0.0,8.362830116750999,False,False,True,False,False,False,False,134,0,0.0,0.0,0.0,,-1,0.0,0.0,1,0,0,0,0,0,[],[],[]
135,381,quasi,False,104.069272,30.540287,23.67017981668053,-0.19028123961243892,0.19028123961243892,0.6342707987081353,,,0.0,0.0,8.362830116750999,False,False,True,False,False,False,False,135,0,0.0,0.0,0.0,,-1,0.0,0.0,1,0,0,0,0,0,[],[],[]
136,381,quasi,False,104.054619,30.54241,23.243277839682374,-0.42690197699815613,0.42690197699815613,1.423006589993859,,,0.0,0.0,8.362830116750999,False,False,True,False,False,False,False,136,0,0.0,0.0,0.0,,-1,0.0,0.0,1,0,0,0,0,0,[],[],[]
137,381,quasi,False,104.03513,30.544037,22.68073733386617,-0.5625405058162052,0.5625405058162052,1.8751350193873555,,,0.0,0.0,8.362830116750999,False,False,True,False,False,False,False,137,0,0.0,0.0,0.0,,-1,0.0,0.0,0,0,0,0,0,0,[],[],[]
138,381,quasi,False,104.046521,30.555253,22.183672590095863,-0.49706474377030574,0.49706474377030574,1.65688247923435,,,0.0,0.0,8.362830116750999,False,False,True,False,False,False,False,138,0,0.0,0.0,0.0,,-1,0.0,0.0,0,0,0,0,0,0,[],[],[]
139,381,quasi,False,104.03392164069294,30.579945672240942,21.28397251855633,-0.8997000715395345,0.8997000715395345,2.9990002384651193,,,0.0,0.0,8.362830116750999,False,False,True,False,False,False,False,139,0,0.0,0.0,0.0,,-1,0.0,0.0,0,0,0,0,0,0,[],[],[]
140,381,quasi,False,104.033873,30.580041,21.280499236363923,-0.0034732821924059465,0.0034732821924059465,0.011577607308021988,,,0.0,0.0,8.362830116750999,False,False,True,False,False,False,False,140,0,0.0,0.0,0.0,,-1,0.0,0.0,1,0,0,0,0,0,[],[],[]
141,381,quasi,False,104.041979,30.590697,20.855592872995874,-0.42490636336804855,0.42490636336804855,1.4163545445601597,,,0.0,0.0,8.362830116750999,False,False,True,False,False,False,False,141,0,0.0,0.0,0.0,,-1,0.0,0.0,1,0,0,0,0,0,[],[],[]
142,381,quasi,False,104.033244,30.57889,20.38863129804899,-0.46696157494688606,0.46696157494688606,1.5565385831562908,,,0.0,0.0,8.362830116750999,False,False,True,False,False,False,False,142,0,0.0,0.0,0.0,,-1,0.0,0.0,0,0,0,0,0,0,[],[],[]
143,381,quasi,False,104.048812,30.560268,19.6232359651572,-0.7653953328917886,0.7653953328917886,2.5513177763059636,,,0.0,0.0,8.362830116750999,False,False,True,False,False,False,False,143,0,0.0,0.0,0.0,,-1,0.0,0.0,0,0,0,0,0,0,[],[],[]
144,381,quasi,False,104.068554,30.554822,19.027746407562216,-0.5954895575949841,0.5954895575949841,1.9849651919832763,,,0.0,0.0,8.362830116750999,False,False,True,False,False,False,False,144,0,0.0,0.0,0.0,,-1,0.0,0.0,0,0,0,0,0,0,[],[],[]
145,381,quasi,False,104.068643,30.554705,19.02308063518398,-0.004665772378235289,0.004665772378235289,0.015552574594117406,,,0.0,0.0,8.362830116750999,False,False,True,False,False,False,False,145,0,0.0,0.0,0.0,,-1,0.0,0.0,0,0,0,0,0,0,[],[],[]
146,381,quasi,False,104.068566,30.554601,19.018966198686382,-0.0041144364975984615,0.0041144364975984615,0.013714788325330329,,,0.0,0.0,8.362830116750999,False,False,True,False,False,False,False,146,0,0.0,0.0,0.0,,-1,0.0,0.0,0,0,0,0,0,0,[],[],[]
147,381,quasi,False,104.068355,30.554467,19.011434897211036,-0.007531301475346197,0.007531301475346197,0.025104338251154223,,,0.0,0.0,8.362830116750999,False,False,True,False,False,False,False,147,0,0.0,0.0,0.0,,-1,0.0,0.0,0,0,0,0,0,0,[],[],[]
148,381,quasi,False,104.068591,30.554588,19.003544817121295,-0.007890080089740792,0.007890080089740792,0.02630026696580544,,,0.0,0.0,8.362830116750999,False,False,True,False,False,False,False,148,0,0.0,0.0,0.0,,-1,0.0,0.0,0,0,0,0,0,0,[],[],[]
149,381,quasi,False,104.056714,30.542439,18.473764681081192,-0.5297801360401024,0.5297801360401024,1.7659337868003357,,,0.0,0.0,8.362830116750999,False,False,True,False,False,False,False,149,0,0.0,0.0,0.0,,-1,0.0,0.0,0,0,0,0,0,0,[],[],[]
150,381,quasi,False,104.055556,30.523777,17.850340238492944,-0.6234244425882487,0.6234244425882487,2.078081475294165,,,0.0,0.0,8.362830116750999,False,False,True,False,False,False,False,150,0,0.0,0.0,0.0,,-1,0.0,0.0,0,0,0,0,0,0,[],[],[]
151,381,quasi,False,104.057045,30.531012,17.60522850959059,-0.245111728902355,0.245111728902355,0.817039096341184,,,0.0,0.0,8.362830116750999,False,False,True,False,False,False,False,151,0,0.0,0.0,0.0,,-1,0.0,0.0,0,0,0,0,0,0,[],[],[]
152,381,quasi,False,104.06709138446915,30.5565571704388,16.705526769779464,-0.8997017398111247,0.8997017398111247,2.9990057993704204,,,0.0,0.0,8.362830116750999,False,False,True,False,False,False,False,152,0,0.0,0.0,0.0,,-1,0.0,0.0,1,0,0,0,0,0,[],[],[]
153,381,quasi,False,104.068526,30.560205,16.57705208084746,-0.12847468893200542,0.12847468893200542,0.4282489631066802,,,0.0,0.0,8.362830116750999,False,False,True,False,False,False,False,153,0,0.0,0.0,0.0,,-1,0.0,0.0,0,0,0,0,0,0,[],[],[]
154,381,quasi,False,104.06854,30.554873,16.39918422154649,-0.17786785930096727,0.17786785930096727,0.5928928643365549,,,0.0,0.0,8.362830116750999,False,False,True,False,False,False,False,154,0,0.0,0.0,0.0,,-1,0.0,0.0,0,0,0,0,0,0,[],[],[]
155,381,quasi,False,104.068492,30.554769,16.395450966447804,-0.0037332550986874935,0.0037332550986874935,0.012444183662288107,,,0.0,0.0,8.362830116750999,False,False,True,False,False,False,False,155,0,0.0,0.0,0.0,,-1,0.0,0.0,0,0,0,0,0,0,[],[],[]
156,381,quasi,False,104.068512,30.554734,16.394149717497086,-0.0013012489507175928,0.0013012489507175928,0.004337496502394112,,,0.0,0.0,8.362830116750999,False,False,True,False,False,False,False,156,0,0.0,0.0,0.0,,-1,0.0,0.0,0,0,0,0,0,0,[],[],[]
157,381,quasi,False,104.06833,30.554818,16.388217936102837,-0.005931781394249214,0.005931781394249214,0.01977260464749862,,,0.0,0.0,8.362830116750999,False,False,True,False,False,False,False,157,0,0.0,0.0,0.0,,-1,0.0,0.0,0,0,0,0,0,0,[],[],[]
158,381,quasi,False,104.068257,30.55485,16.385864847820592,-0.0023530882822448973,0.0023530882822448973,0.007843627607486475,,,0.0,0.0,8.362830116750999,False,False,True,False,False,False,False,158,0,0.0,0.0,0.0,,-1,0.0,0.0,0,0,0,0,0,0,[],[],[]
159,381,quasi,False,104.068468,30.554686,16.37769976056103,-0.008165087259563109,0.008165087259563109,0.027216957531882642,,,0.0,0.0,8.362830116750999,False,False,True,False,False,False,False,159,0,0.0,0.0,0.0,,-1,0.0,0.0,0,0,0,0,0,0,[],[],[]
160,381,quasi,False,104.068432,30.554614,16.375084771854045,-0.002614988706984178,0.002614988706984178,0.008716629023285882,,,0.0,0.0,8.362830116750999,False,False,True,False,False,False,False,160,0,0.0,0.0,0.0,,-1,0.0,0.0,0,0,0,0,0,0,[],[],[]
161,381,quasi,False,104.068532,30.554637,16.37211142812158,-0.002973343732463718,0.002973343732463718,0.009911145774875136,,,0.0,0.0,8.362830116750999,False,False,True,False,False,False,False,161,0,0.0,0.0,0.0,,-1,0.0,0.0,1,0,0,0,0,0,[],[],[]
162,381,quasi,False,104.068637,30.554616,16.36901486736967,-0.0030965607519100047,0.0030965607519100047,0.010321869173030804,,,0.0,0.0,8.362830116750999,False,False,True,False,False,False,False,162,0,0.0,0.0,0.0,,-1,0.0,0.0,1,0,0,0,0,0,[],[],[]
163,381,quasi,False,104.06861,30.554637,16.367969727093314,-0.0010451402763571593,0.0010451402763571593,0.0034838009211936925,,,0.0,0.0,8.362830116750999,False,False,True,False,False,False,False,163,0,0.0,0.0,0.0,,-1,0.0,0.0,1,0,0,0,0,0,[],[],[]
164,381,quasi,False,104.056688,30.549135,15.979403738723843,-0.3885659883694714,0.3885659883694714,1.2952199612315705,,,0.0,0.0,8.362830116750999,False,False,True,False,False,False,False,164,0,0.0,0.0,0.0,,-1,0.0,0.0,1,0,0,0,0,0,[],[],[]
165,381,quasi,False,104.03644071047873,30.52856079530699,15.079710328331142,-0.8996934103927003,0.8996934103927003,2.998978034642333,,,0.0,0.0,8.362830116750999,False,False,True,False,False,False,False,165,0,0.0,0.0,0.0,,-1,0.0,0.0,0,0,0,0,0,0,[],[],[]
166,381,quasi,False,104.033091,30.525157,14.930857417838947,-0.14885291049219518,0.14885291049219518,0.4961763683073185,,,0.0,0.0,8.362830116750999,False,False,True,False,False,False,False,166,0,0.0,0.0,0.0,,-1,0.0,0.0,0,0,0,0,0,0,[],[],[]
167,381,quasi,False,104.00221262938732,30.520697893513557,14.031159190751339,-0.8996982270876082,0.8996982270876082,2.9989940902920265,,,0.0,0.0,8.362830116750999,False,False,True,False,False,False,False,167,0,0.0,0.0,0.0,,-1,0.0,0.0,0,0,0,0,0,0,[],[],[]
168,381,quasi,False,103.999485,30.520304,13.951682751998113,-0.07947643875322541,0.07947643875322541,0.26492146251075105,,,0.0,0.0,8.362830116750999,False,False,True,False,False,False,False,168,0,0.0,0.0,0.0,,-1,0.0,0.0,0,0,0,0,0,0,[],[],[]
169,381,quasi,False,104.020482,30.516093,13.332151052630866,-0.6195316993672471,0.6195316993672471,2.0651056645574903,,,0.0,0.0,8.362830116750999,False,False,True,False,False,False,False,169,0,0.0,0.0,0.0,,-1,0.0,0.0,0,0,0,0,0,0,[],[],[]
170,381,quasi,False,104.04359654785996,30.534285785319277,12.432445192039577,-0.8997058605912898,0.8997058605912898,2.9990195353042974,,,0.0,0.0,8.362830116750999,False,False,True,False,False,False,False,170,0,0.0,0.0,0.0,,-1,0.0,0.0,0,0,0,0,0,0,[],[],[]
171,381,quasi,False,104.046547,30.536608,12.317609012901224,-0.11483617913835253,0.11483617913835253,0.3827872637945099,,,0.0,0.0,8.362830116750999,False,False,True,False,False,False,False,171,0,0.0,0.0,0.0,,-1,0.0,0.0,0,0,0,0,0,0,[],[],[]
172,381,quasi,False,104.0616805405426,30.56022065165349,11.417908826368613,-0.8997001865326109,0.8997001865326109,2.9990006217753695,,,0.0,0.0,8.362830116750999,False,False,True,False,False,False,False,172,0,0.0,0.0,0.0,,-1,0.0,0.0,0,0,0,0,0,0,[],[],[]
173,381,quasi,False,104.061791,30.560393,11.411342117716055,-0.006566708652558262,0.006566708652558262,0.021889028841862827,,,0.0,0.0,8.362830116750999,False,False,True,False,False,False,False,173,0,0.0,0.0,0.0,,-1,0.0,0.0,0,0,0,0,0,0,[],[],[]
174,381,quasi,False,104.068536,30.554786,11.142037413680628,-0.2693047040354273,0.2693047040354273,0.8976823467847598,,,0.0,0.0,8.362830116750999,False,False,True,False,False,False,False,174,0,0.0,0.0,0.0,,-1,0.0,0.0,0,0,0,0,0,0,[],[],[]
175,381,quasi,False,104.068574,30.554851,11.139609836865219,-0.0024275768154087274,0.0024275768154087274,0.00809192271802654,,,0.0,0.0,8.362830116750999,False,False,True,False,False,False,False,175,0,0.0,0.0,0.0,,-1,0.0,0.0,0,0,0,0,0,0,[],[],[]
176,381,quasi,False,104.068566,30.554884,11.138485274986447,-0.001124561878771857,0.001124561878771857,0.003748539595908938,,,0.0,0.0,8.362830116750999,False,False,True,False,False,False,False,176,0,0.0,0.0,0.0,,-1,0.0,0.0,0,0,0,0,0,0,[],[],[]
177,381,quasi,False,104.068561,30.55479,11.135346290210142,-0.0031389847763048095,0.0031389847763048095,0.010463282587680107,,,0.0,0.0,8.362830116750999,False,False,True,False,False,False,False,177,0,0.0,0.0,0.0,,-1,0.0,0.0,0,0,0,0,0,0,[],[],[]
178,381,quasi,False,104.068588,30.554735,11.13335436630508,-0.0019919239050629756,0.0019919239050629756,0.006639746350212122,,,0.0,0.0,8.362830116750999,False,False,True,False,False,False,False,178,0,0.0,0.0,0.0,,-1,0.0,0.0,0,0,0,0,0,0,[],[],[]
179,381,quasi,False,104.06896,30.554615,11.121942968326916,-0.011411397978163151,0.011411397978163151,0.038037993260545085,,,0.0,0.0,8.362830116750999,False,False,True,False,False,False,False,179,0,0.0,0.0,0.0,,-1,0.0,0.0,0,0,0,0,0,0,[],[],[]
180,381,quasi,False,104.06983460734203,30.527654866275128,10.222242971711276,-0.8996999966156398,0.8996999966156398,2.998999988718801,,,0.0,0.0,8.362830116750999,False,False,True,False,False,False,False,180,0,0.0,0.0,0.0,,-1,0.0,0.0,0,0,0,0,0,0,[],[],[]
181,381,quasi,False,104.069865,30.526718,10.190978338990789,-0.03126463272048774,0.03126463272048774,0.10421544240162531,,,0.0,0.0,8.362830116750999,False,False,True,False,False,False,False,181,0,0.0,0.0,0.0,,-1,0.0,0.0,0,0,0,0,0,0,[],[],[]
182,381,iev,True,104.058176,30.509218,9.517459759342161,-0.6735185796486274,0.6735185796486274,2.2450619321620917,,,0.0,0.0,8.362830116750999,True,False,False,True,False,False,False,182,0,0.0,0.0,0.0,,-1,0.0,0.0,0,0,0,0,0,0,"[9.517459759342161, 0.0]",[],"[true, true, true, true, true]"
183,381,iev,True,104.0682975,30.511178,9.219314203357781,-0.2981455559843802,0.2981455559843802,0.9938185199479362,104.0682975,30.511178,-0.026237702229949336,-0.026237702229949336,8.362830116750999,True,False,False,True,False,False,False,183,1,5.0,0.9938185199479362,0.0,,-1,0.0,0.0,0,0,0,0,0,0,"[9.219314203357781, 5.0]",[],"[true, true, true, true, true]"
184,381,iev,True,104.069871,30.534088,8.453735050436325,-0.7655791529214557,0.7655791529214557,2.5519305097381864,104.069871,30.534088,-0.03147875470852018,-0.05771645693846951,8.362830116750999,True,False,False,True,False,False,False,184,2,10.0,3.5457490296861227,0.0,,-1,0.0,0.0,0,0,0,0,0,0,"[8.453735050436325, 10.0]",[],"[true, true, true, true, true]"
185,381,iev,True,104.069442,30.548836,7.96160984810182,-0.4921252023345053,0.4921252023345053,1.6404173411150182,104.069442,30.548836,-0.03671627312089623,-0.09443273005936574,8.362830116750999,True,False,False,True,False,False,False,185,3,15.0,5.186166370801141,0.0,,-1,0.0,0.0,0,0,0,0,0,0,"[7.96160984810182, 15.0]",[],"[true, true, true, true, true]"
186,381,iev,True,104.068603,30.555336,7.7434442942327655,-0.21816555386905456,0.21816555386905456,0.7272185128968472,104.068603,30.555336,-0.04194967247040045,-0.1363824025297662,8.362830116750999,True,False,False,True,False,False,False,186,4,20.0,5.913384883697988,0.0,,-1,0.0,0.0,0,0,0,0,0,0,"[7.7434442942327655, 20.0]",[],"[true, true, true, true, true]"
187,381,fail,False,104.069644,30.528727,6.855304831165711,-0.8881394630670547,0.8881394630670547,2.960464876890184,104.069644,30.528727,-0.16694074941195505,-0.3033231519417212,8.362830116750999,False,False,False,False,False,True,False,187,5,25.0,8.873849760588172,0.0,,-1,0.0,0.0,0,0,0,0,0,0,[],[],[]
188,381,fail,False,104.069644,30.528727,6.855304831165711,0.0,0.0,0.0,,,0.0,-0.3033231519417212,8.362830116750999,False,False,False,False,False,True,False,187,5,25.0,8.873849760588172,0.0,,-1,0.0,0.0,0,0,0,0,0,0,[],[],[]
189,381,fail,False,104.069644,30.528727,6.855304831165711,0.0,0.0,0.0,,,0.0,-0.3033231519417212,8.362830116750999,False,False,False,False,False,True,False,187,5,25.0,8.873849760588172,0.0,,-1,0.0,0.0,0,0,0,0,0,0,[],[],[]
190,381,fail,False,104.069644,30.528727,6.855304831165711,0.0,0.0,0.0,,,0.0,-0.3033231519417212,8.362830116750999,False,False,False,False,False,True,False,187,5,25.0,8.873849760588172,0.0,,-1,0.0,0.0,0,0,0,0,0,0,[],[],[]
191,381,fail,False,104.069644,30.528727,6.855304831165711,0.0,0.0,0.0,,,0.0,-0.3033231519417212,8.362830116750999,False,False,False,False,False,True,False,187,5,25.0,8.873849760588172,0.0,,-1,0.0,0.0,0,0,0,0,0,0,[],[],[]
192,381,fail,False,104.069644,30.528727,6.855304831165711,0.0,0.0,0.0,,,0.0,-0.3033231519417212,8.362830116750999,False,False,False,False,False,True,False,187,5,25.0,8.873849760588172,0.0,,-1,0.0,0.0,0,0,0,0,0,0,[],[],[]
193,381,fail,False,104.069644,30.528727,6.855304831165711,0.0,0.0,0.0,,,0.0,-0.3033231519417212,8.362830116750999,False,False,False,False,False,True,False,187,5,25.0,8.873849760588172,0.0,,-1,0.0,0.0,0,0,0,0,0,0,[],[],[]
194,381,fail,False,104.069644,30.528727,6.855304831165711,0.0,0.0,0.0,,,0.0,-0.3033231519417212,8.362830116750999,False,False,False,False,False,True,False,187,5,25.0,8.873849760588172,0.0,,-1,0.0,0.0,0,0,0,0,0,0,[],[],[]
195,381,fail,False,104.069644,30.528727,6.855304831165711,0.0,0.0,0.0,,,0.0,-0.3033231519417212,8.362830116750999,False,False,False,False,False,True,False,187,5,25.0,8.873849760588172,0.0,,-1,0.0,0.0,0,0,0,0,0,0,[],[],[]
196,381,fail,False,104.069644,30.528727,6.855304831165711,0.0,0.0,0.0,,,0.0,-0.3033231519417212,8.362830116750999,False,False,False,False,False,True,False,187,5,25.0,8.873849760588172,0.0,,-1,0.0,0.0,0,0,0,0,0,0,[],[],[]
197,381,fail,False,104.069644,30.528727,6.855304831165711,0.0,0.0,0.0,,,0.0,-0.3033231519417212,8.362830116750999,False,False,False,False,False,True,False,187,5,25.0,8.873849760588172,0.0,,-1,0.0,0.0,0,0,0,0,0,0,[],[],[]
198,381,fail,False,104.069644,30.528727,6.855304831165711,0.0,0.0,0.0,,,0.0,-0.3033231519417212,8.362830116750999,False,False,False,False,False,True,False,187,5,25.0,8.873849760588172,0.0,,-1,0.0,0.0,0,0,0,0,0,0,[],[],[]
199,381,fail,False,104.069644,30.528727,6.855304831165711,0.0,0.0,0.0,,,0.0,-0.3033231519417212,8.362830116750999,False,False,False,False,False,True,False,187,5,25.0,8.873849760588172,0.0,,-1,0.0,0.0,0,0,0,0,0,0,[],[],[]
200,381,fail,False,104.069644,30.528727,6.855304831165711,0.0,0.0,0.0,,,0.0,-0.3033231519417212,8.362830116750999,False,False,False,False,False,True,False,187,5,25.0,8.873849760588172,0.0,,-1,0.0,0.0,0,0,0,0,0,0,[],[],[]
